1 83
101 178
128 221
62 162
204 326
155 157
77 118
1 158
10 97
19 30
67 87
15 95
19 121
353 460
57 98
58 94
59 70
78 132
55 120
80 116
75 99
76 92
481 597
86 109
13 129
49 143
68 112
32 62
4 8
62 94
612 633
26 33
65 72
13 116
9 107
10 29
20 97
31 71
40 106
39 183
652 812
37 110
24 41
28 87
42 108
15 66
40 176
832 980
48 145
998 1067
64 83
52 136
13 25
6 13
21 69
27 115
24 35
9 19
1081 1094
14 198
12 63
1118 1156
14 84
29 96
17 157
1171 1187
1210 1251
1266 1381
16 65
15 27
1396 1404
64 72
42 64
34 175
15 91
47 137
49 200
32 141
48 68
36 39
1423 1480
28 63
63 102
7 84
26 131
24 98
18 51
50 106
30 176
1497 1566
47 108
7 55
1595 1611
61 115
29 172
19 29
13 60
13 42
5 20
37 54
55 73
21 34
1625 1759
31 43
50 56
22 57
25 146
1777 1813
9 72
34 111
47 99
50 224
20 91
6 173
43 131
23 67
1828 1923
36 104
9 60
39 88
54 56
6 26
51 81
35 133
39 43
1941 2008
23 83
15 127
39 52
4 43
25 68
2036 2178
41 62
28 41
32 82
33 66
32 100
35 64
2189 2205
27 95
25 44
4 38
20 67
13 38
2231 2297
29 112
1 18
17 131
1 77
2324 2387
51 53
3 61
2402 2447
47 79
17 74
34 70
7 28
19 63
2459 2514
50 170
2527 2549
44 58
26 137
33 63
43 218
44 59
11 138
5 111
19 24
49 85
2576 2640
2664 2672
2693 2833
54 177
26 57
8 33
46 96
42 152
2845 2900
2 17
35 43
2 19
2912 2995
13 160
3007 3160
16 82
38 63
43 79
18 28
15 22
3182 3250
37 122
4 36
52 70
14 128
3276 3376
14 87
45 139
52 215
47 114
30 50
14 30
36 47
2 79
3398 3460
28 40
9 43
45 54
29 224
3480 3619
36 54
23 49
11 19
3643 3678
3705 3786
47 82
28 37
3800 3805
39 62
18 119
41 117
3 76
19 42
49 108
39 121
3818 3840
3851 3871
48 60
12 81
33 143
17 26
3884 3949
39 50
9 57
37 98
6 108
30 80
3971 4046
39 93
24 73
26 53
32 35
43 55
44 93
33 62
14 17
39 134
4070 4086
45 52
21 40
40 87
27 48
23 56
4113 4256
4271 4419
5 73
6 65
24 118
1 36
4443 4460
37 46
41 126
49 111
9 41
15 64
4475 4587
22 176
2 13
25 27
4 29
25 40
23 93
34 126
7 70
30 92
4606 4705
16 22
4718 4724
14 75
36 43
13 188
24 36
44 50
12 17
5 26
4736 4757
35 38
5 55
4778 4795
37 88
27 59
36 92
11 13
40 119
4821 4841
7 20
1 163
19 89
4871 4881
1 14
36 109
10 65
9 45
1 27
4910 5020
24 86
11 108
22 110
30 212
26 54
26 107
39 87
30 54
34 49
5039 5047
29 56
39 117
18 23
27 34
15 121
5057 5216
2 40
17 36
43 69
7 179
5232 5253
23 95
42 160
22 59
5275 5359
28 142
34 113
14 132
8 43
5371 5463
39 122
27 134
30 39
5486 5515
35 121
27 66
23 168
16 37
5 11
5532 5554
20 51
3 60
11 99
17 179
16 69
28 68
2 10
29 40
5582 5691
5704 5750
29 123
15 60
37 107
25 159
13 157
5777 5873
5883 5922
25 35
19 100
2 24
1 11
42 86
5944 5990
29 79
1 81
15 25
24 31
39 70
33 156
5 113
6004 6118
37 189
12 97
41 106
42 113
22 71
6139 6179
20 144
26 45
18 171
1 70
13 55
6204 6290
17 130
6317 6368
7 10
36 129
2 18
43 108
11 80
41 136
6380 6558
18 145
15 186
13 35
6587 6596
5 12
25 117
41 90
11 61
27 41
28 42
41 69
38 140
6610 6675
16 44
36 180
19 74
6701 6713
18 71
41 146
15 102
43 103
6742 6760
10 47
26 51
5 16
12 18
6776 6853
40 47
2 4
6868 6902
6 36
29 113
16 154
7 36
14 41
20 30
8 25
41 88
6922 7012
23 76
30 58
4 14
16 27
23 58
21 26
40 113
12 113
22 80
7032 7109
1 103
7138 7141
8 128
21 152
5 59
13 39
18 108
25 171
7 24
7156 7246
29 119
6 101
17 81
22 27
32 43
7267 7352
6 43
28 57
32 81
7369 7380
1 167
41 44
32 98
40 50
7390 7534
7 32
21 162
29 34
18 64
36 42
19 51
7559 7592
8 37
2 166
22 43
29 47
33 117
24 122
38 154
12 121
31 33
7603 7614
41 141
20 44
4 19
4 57
25 31
9 53
13 94
15 31
20 39
7637 7651
7664 7751
19 36
36 38
21 23
35 40
39 60
7780 7784
24 37
10 13
5 47
21 42
7806 7856
7873 8009
40 45
8033 8146
9 32
10 16
29 73
8173 8192
8219 8269
5 87
7 14
13 80
38 106
19 90
5 36
4 45
20 60
8297 8396
33 89
24 114
33 131
8 62
41 66
8421 8428
1 150
23 40
7 121
37 72
8451 8528
32 106
8556 8582
24 32
22 62
26 141
10 52
33 41
15 160
36 64
31 40
30 154
8599 8649
8676 8700
14 19
28 39
8715 8821
23 193
22 98
39 54
35 112
29 65
36 146
29 122
8837 8852
5 147
8875 8981
9 149
9002 9025
28 80
9042 9093
9103 9110
30 38
18 61
9136 9186
9 35
3 17
32 53
34 46
14 26
9203 9263
18 73
38 88
3 10
35 98
4 13
9293 9357
13 63
6 34
31 70
9380 9382
1 5
9400 9432
3 68
40 139
11 28
9449 9587
9602 9607
9633 9733
32 178
31 186
42 141
35 63
39 61
22 78
32 52
9750 9795
9817 9829
3 80
4 89
29 83
38 76
16 78
9857 9878
30 66
15 43
12 15
9892 10042
33 134
24 33
19 56
29 32
8 13
39 108
21 59
36 127
10069 10076
31 39
16 38
10095 10177
20 78
17 27
38 44
4 169
10206 10295
8 70
42 45
10318 10445
1 12
37 39
11 25
9 28
18 101
20 23
10472 10504
10520 10530
13 140
2 67
33 138
3 27
22 50
5 69
21 44
35 48
10546 10726
34 43
11 27
21 84
10754 10776
30 175
33 70
36 51
10798 10860
25 132
19 48
23 59
30 33
10874 10897
2 45
10913 11015
3 5
4 27
11 59
16 23
16 167
21 27
11025 11142
6 19
27 148
4 6
11169 11194
17 31
4 15
19 102
23 63
11217 11248
35 106
34 115
6 106
15 37
5 191
11263 11425
27 114
2 152
14 50
34 116
4 71
3 107
11442 11444
30 142
11471 11480
21 75
36 75
39 217
25 84
11507 11538
23 148
36 60
9 84
20 27
29 184
32 41
37 47
17 68
11553 11636
4 95
23 47
28 101
12 55
27 32
16 87
32 40
11652 11781
1 6
19 99
15 133
5 49
11795 11832
30 42
38 138
2 145
26 171
23 54
11851 11977
28 31
18 106
11 48
12006 12033
16 36
24 145
12046 12049
13 119
33 111
8 28
24 57
24 130
12059 12195
36 55
17 125
29 36
8 102
22 122
7 15
32 74
12209 12327
31 191
17 102
28 46
25 124
41 53
11 72
2 125
12343 12349
12378 12394
25 105
16 40
10 67
23 41
13 75
12421 12441
21 150
23 31
24 111
31 65
37 118
24 66
38 87
12452 12519
15 21
12534 12559
14 58
41 54
17 61
40 63
2 50
26 116
33 211
19 37
12570 12591
11 88
27 69
1 23
40 49
8 15
15 26
19 187
22 145
38 80
12602 12662
41 68
23 34
31 156
17 105
12 82
30 161
2 8
27 101
12676 12738
41 48
12749 12799
20 177
7 26
27 61
7 44
3 9
15 77
12 105
12816 12834
23 77
35 81
8 29
36 62
15 113
20 38
11 52
12847 12960
12990 13026
40 55
21 103
4 10
8 67
17 45
10 37
15 54
24 27
33 60
13051 13065
28 133
27 38
24 112
2 94
20 133
13086 13090
28 206
32 118
28 38
13101 13111
13 52
36 44
8 54
24 34
17 24
30 193
29 31
13130 13282
13312 13417
37 45
23 30
14 18
20 56
21 65
1 24
13445 13518
29 114
35 79
35 160
13529 13546
13570 13580
27 149
10 168
30 52
9 73
38 131
24 137
21 108
36 81
13610 13637
8 84
17 41
36 174
13655 13683
36 85
21 33
38 151
27 43
26 64
21 157
13694 13785
32 34
34 133
26 34
3 133
13812 13843
21 35
25 34
34 79
36 82
15 88
28 187
13871 13930
2 41
13946 13951
29 99
39 105
36 123
8 66
39 51
9 14
19 148
24 67
13976 14085
38 41
34 78
15 20
37 52
23 103
11 36
16 76
14 22
40 143
14095 14129
39 67
14 60
36 52
1 16
14151 14186
29 86
20 33
14202 14350
18 89
39 42
12 76
14360 14403
14432 14485
41 144
32 54
33 80
16 129
2 21
14495 14502
40 46
22 66
41 87
30 81
18 60
40 58
32 160
14 73
25 29
14529 14649
14679 14695
13 78
19 98
14 21
32 65
24 63
18 58
10 155
32 39
36 125
14717 14755
21 54
35 85
27 40
6 17
30 67
7 33
8 16
34 63
23 51
14777 14816
33 55
25 36
14837 14852
19 26
3 19
40 88
30 35
28 131
14874 14896
27 175
39 47
2 64
37 50
21 121
17 19
14926 14931
20 31
19 142
33 38
17 113
13 19
1 38
1 82
4 41
14947 15018
9 124
15045 15086
25 176
20 50
25 185
22 55
19 33
11 33
8 96
12 108
15098 15166
15185 15330
28 109
16 54
7 98
34 154
33 75
35 51
27 39
19 170
15356 15457
1 140
15 152
1 86
23 27
34 198
36 70
40 118
37 43
36 84
15473 15501
5 40
23 129
39 148
12 51
14 78
38 157
22 111
24 175
15523 15647
15675 15732
9 34
18 56
34 121
29 51
3 144
33 168
27 83
15759 15796
14 96
17 46
15826 15878
21 37
33 141
18 46
15897 15910
17 22
12 80
15938 16051
7 81
7 47
15 53
16062 16145
40 62
16 118
35 69
16167 16282
40 52
15 61
27 84
29 43
39 49
6 16
16296 16300
8 56
38 65
8 12
31 114
16314 16354
38 206
3 20
22 56
37 79
3 21
16370 16488
6 168
9 123
12 99
29 44
38 73
28 84
14 67
16518 16628
16642 16673
8 48
32 63
40 67
24 119
4 109
16700 16828
33 135
19 166
8 82
26 28
16858 16926
10 40
16955 17081
19 152
24 102
6 60
13 43
17099 17103
17117 17170
27 87
2 173
35 44
17185 17193
2 114
32 177
17217 17222
13 37
5 10
34 152
26 77
28 58
17234 17359
23 91
39 59
20 141
39 74
18 34
35 45
17372 17391
8 117
17420 17543
2 28
9 17
26 170
23 72
21 97
28 140
4 77
5 33
17555 17653
5 139
17 88
10 18
34 138
18 133
8 85
41 76
26 88
17680 17813
17841 17895
29 33
7 158
5 45
21 125
38 236
9 21
17910 17922
33 54
1 28
16 175
40 75
21 151
5 151
1 151
26 111
17936 18000
33 52
18 121
32 47
16 58
18029 18079
39 58
22 31
1 96
18100 18197
1 63
34 129
18217 18256
7 83
31 100
33 46
1 48
33 92
17 29
29 38
3 198
18266 18300
20 107
40 66
37 100
18330 18349
18374 18428
27 46
22 28
21 178
18440 18464
35 52
18486 18594
13 34
6 10
16 45
34 74
3 7
18621 18632
6 9
5 166
40 157
37 93
36 165
12 14
14 25
27 109
18643 18686
30 55
2 82
19 94
17 21
31 211
40 79
36 69
4 62
18708 18752
32 51
8 88
4 17
18774 18815
18826 18931
7 102
28 86
30 204
38 48
22 97
18961 18964
3 24
11 71
16 53
26 154
39 144
12 124
18987 18994
25 50
10 135
5 131
22 87
32 113
2 187
7 9
27 85
19020 19053
9 31
3 51
31 59
28 33
39 69
8 80
25 74
13 31
27 103
19075 19110
19136 19217
12 134
20 47
19247 19313
14 40
20 103
19328 19371
12 149
34 102
15 32
3 118
25 62
37 48
19382 19432
19452 19542
13 93
20 52
21 77
25 63
19571 19728
25 101
27 44
33 50
3 70
15 117
10 45
36 133
32 64
19754 19767
22 153
19787 19797
40 153
33 99
21 30
5 25
6 56
1 4
33 40
33 170
39 82
19816 19824
41 122
19843 19847
16 162
33 45
17 35
19863 19927
19939 19966
4 37
29 85
34 153
6 49
19 45
19996 20097
20126 20168
10 26
28 139
40 155
5 61
12 41
3 126
5 157
20189 20237
17 184
20263 20286
20316 20323
4 111
22 36
24 115
19 128
1 104
4 28
3 12
12 143
20340 20387
40 159
14 63
10 41
9 100
17 43
24 55
8 53
20416 20428
20439 20485
41 102
30 87
12 187
34 52
21 83
13 141
19 23
37 94
20499 20506
14 29
20518 20631
20646 20655
32 37
14 16
20679 20688
31 130
2 170
29 58
34 66
20703 20759
8 91
4 47
17 20
12 60
14 47
20775 20910
31 78
24 28
26 63
11 38
37 67
12 38
21 60
11 18
1 40
20939 20967
14 104
33 178
19 53
32 164
3 18
8 30
36 99
20995 21033
21045 21159
29 94
29 46
32 68
2 138
11 45
18 47
3 8
21187 21266
23 104
25 52
31 92
4 90
18 62
13 46
21280 21369
11 51
27 78
1 3
9 66
27 123
12 49
29 68
21393 21451
1 89
10 124
11 93
2 156
38 54
33 69
38 68
21464 21555
18 177
19 125
17 115
7 69
21584 21703
35 78
21722 21783
20 116
18 69
9 25
41 45
21808 21938
19 43
21960 21992
23 102
1 105
1 25
35 46
29 42
38 56
12 101
3 62
9 29
22003 22046
20 59
23 110
2 25
31 85
7 54
32 73
3 154
22074 22158
5 78
24 104
33 112
2 23
22179 22182
7 23
15 65
17 75
9 74
26 109
32 194
15 44
22194 22211
6 116
23 70
9 116
12 23
11 20
28 138
4 93
36 65
36 184
22226 22248
22271 22277
22306 22324
22348 22426
10 15
23 33
8 87
31 83
36 46
22439 22558
22 24
11 23
2 117
32 38
15 115
27 70
22579 22602
12 69
22627 22636
22654 22736
14 45
17 70
4 97
16 31
33 114
15 57
36 79
22762 22772
8 142
21 45
32 140
2 78
35 91
24 59
31 53
18 29
22790 22800
3 79
26 49
22821 22857
1 61
19 69
22877 22942
38 75
19 62
3 110
40 122
21 128
22959 22978
41 72
12 58
16 62
33 47
28 75
22994 22998
41 105
10 12
14 95
7 141
5 34
23023 23046
2 55
23059 23077
37 144
12 65
11 29
23092 23173
1 7
13 71
21 28
34 104
35 80
19 133
30 192
25 196
23199 23288
42 78
35 56
19 76
31 52
7 16
12 25
14 55
1 100
23313 23342
15 93
8 68
27 159
19 25
37 161
18 35
23 61
14 146
8 141
23354 23391
31 110
23 85
15 62
30 41
23408 23437
13 26
24 82
34 44
36 49
37 60
33 118
36 50
23467 23552
21 213
1 60
34 40
27 30
4 85
5 22
23577 23626
41 58
11 34
41 153
24 143
10 79
13 15
22 54
39 75
23650 23685
6 61
25 45
22 179
23715 23805
33 86
40 96
23815 23875
14 33
39 132
14 31
5 17
5 43
21 144
28 82
12 119
22 32
23889 23912
6 90
17 55
9 46
17 174
23936 23962
36 171
23985 24110
21 25
41 84
26 91
20 94
17 53
35 57
21 29
24127 24149
16 59
33 65
24163 24167
21 123
20 90
26 179
28 173
20 22
24186 24241
13 108
8 10
26 30
22 82
34 55
24265 24305
41 55
20 24
13 47
41 218
22 120
37 42
5 71
9 40
24322 24334
32 174
7 95
12 33
7 45
26 31
29 107
24352 24378
10 14
31 47
11 133
15 55
24408 24479
37 104
24505 24509
24531 24657
7 97
22 51
24 78
26 44
36 41
2 34
24673 24761
12 211
24785 24877
26 101
23 114
27 132
24892 24897
25 49
24909 24970
29 45
38 185
6 40
7 104
36 61
13 48
24995 25039
28 61
35 67
7 147
34 45
25066 25153
4 26
22 39
4 133
25176 25224
16 33
41 47
39 63
9 69
20 110
41 101
25239 25269
23 96
8 24
9 52
13 150
4 147
17 91
25284 25352
25381 25544
1 51
34 84
25 79
30 72
33 115
13 72
10 54
25560 25621
12 129
14 46
2 105
25631 25689
29 189
5 32
20 145
14 69
2 73
41 99
25701 25710
25730 25776
27 57
9 39
25 78
10 35
21 127
26 94
19 80
25787 25887
25908 25996
19 46
35 73
33 121
35 62
38 120
2 75
26025 26134
14 34
42 136
3 98
1 9
26154 26293
16 41
21 52
28 32
21 53
21 110
26311 26398
41 63
28 47
16 57
19 92
12 31
8 11
26423 26491
13 16
21 32
19 156
29 178
7 43
17 51
26515 26544
38 149
15 23
22 61
28 166
26573 26615
22 178
16 24
25 37
3 85
26635 26649
4 54
9 122
26663 26839
5 104
38 47
38 103
29 102
23 55
11 22
23 171
12 198
26861 26981
15 33
36 134
35 169
26 42
40 78
27006 27073
27 47
38 128
9 119
19 119
38 209
27085 27122
22 65
19 59
27146 27310
17 159
18 146
32 137
37 59
18 31
3 13
27322 27356
9 130
12 30
31 99
26 117
32 80
41 81
27375 27500
3 14
2 129
36 152
18 85
34 68
8 50
16 70
12 16
2 9
27526 27533
39 81
27552 27660
28 93
40 98
23 38
28 48
26 142
39 104
27687 27806
11 54
23 32
23 127
27827 27875
27896 27919
27935 27954
27984 28050
5 120
38 126
21 70
17 138
13 99
35 141
41 52
21 173
28060 28086
28114 28152
28166 28194
37 164
16 49
32 49
34 56
28221 28353
37 66
12 74
28 35
12 43
27 152
20 122
28383 28404
3 37
32 124
9 95
28425 28495
25 41
26 59
14 56
28510 28518
35 41
3 31
28540 28544
28556 28559
41 223
3 11
28572 28586
41 89
37 136
15 84
2 103
28611 28676
20 88
6 117
40 167
28697 28730
28754 28808
23 111
12 19
42 118
21 38
37 159
22 34
36 139
12 95
33 44
28818 28826
20 79
20 48
31 72
28850 28988
16 55
13 22
36 151
7 94
16 80
8 23
32 84
29001 29041
38 109
30 32
11 87
29057 29069
29088 29108
29124 29166
39 130
29192 29204
29219 29254
29281 29306
42 128
18 88
34 167
19 60
15 139
10 71
1 62
29322 29335
20 92
33 57
33 49
7 72
1 101
14 199
30 97
29350 29367
10 22
10 32
28 106
10 77
39 128
40 64
10 176
29397 29428
31 48
26 79
28 132
12 27
6 81
29451 29496
29512 29576
27 220
26 48
41 75
22 142
25 77
27 133
17 123
6 64
29595 29623
43 153
15 89
22 25
40 44
26 36
26 157
19 79
20 146
29649 29735
41 104
39 53
33 59
5 50
29763 29815
4 12
18 163
19 81
18 110
29845 29917
27 76
41 46
25 76
11 65
21 41
29 191
30 48
23 42
29937 29946
12 24
43 71
29960 30031