1 46
138 235
146 209
58 170
206 322
185 315
190 301
15 142
115 217
26 128
42 109
79 229
22 32
315 399
86 101
72 160
20 23
41 152
410 415
65 88
71 79
8 64
430 434
53 80
69 185
72 162
24 32
56 64
21 36
43 118
18 66
446 458
54 58
26 109
42 160
12 58
26 80
54 198
27 80
487 543
46 67
38 75
23 30
44 58
19 87
16 21
34 59
556 693
45 62
22 62
16 47
715 871
14 75
50 122
39 112
37 158
54 159
50 70
889 942
19 86
18 47
11 26
13 28
955 972
39 123
32 123
985 1033
43 46
39 80
24 40
10 105
26 49
1 8
42 223
1062 1145
3 110
10 104
23 70
16 76
42 51
1167 1213
15 155
3 7
45 86
20 164
1242 1375
14 47
1385 1513
35 146
39 66
7 79
11 139
32 173
1543 1563
9 127
30 137
29 32
32 116
18 62
35 43
43 100
1584 1591
29 61
8 135
41 88
24 164
13 18
21 49
21 147
32 42
7 69
1603 1615
33 35
1632 1709
1724 1742
12 104
36 106
19 116
32 185
1757 1831
35 171
22 40
7 70
12 43
31 43
14 49
1853 1860
43 134
2 39
45 52
37 122
35 133
1885 1995
26 97
3 46
41 43
25 45
4 151
1 43
2014 2081
2104 2172
27 50
24 47
20 51
34 85
16 176
15 32
13 15
43 158
13 27
2195 2214
38 96
32 141
46 167
41 46
32 117
2226 2243
15 43
41 67
2270 2322
2347 2396
12 80
30 38
19 125
2 66
16 41
10 122
2406 2408
19 60
21 90
46 59
2438 2483
46 132
6 25
16 60
18 26
35 62
29 93
4 115
27 91
2498 2501
36 44
29 41
6 167
2524 2596
2615 2617
7 51
21 56
31 103
21 69
2 165
28 57
7 41
18 56
2644 2731
26 54
1 26
21 39
41 49
8 125
2756 2770
14 40
39 47
17 29
2799 2851
41 45
38 58
38 144
23 31
12 14
39 43
12 52
9 22
2864 3055
43 73
1 61
28 51
1 29
14 16
16 29
19 171
41 135
3076 3092
11 84
27 105
25 158
40 98
13 108
12 92
40 124
5 20
20 36
3114 3138
42 50
3148 3296
30 103
26 112
15 62
10 94
12 60
4 81
9 92
5 74
34 151
3310 3469
41 215
20 42
28 56
12 22
21 41
14 154
34 112
3 12
3484 3548
12 110
23 154
33 96
32 165
3566 3645
12 47
10 24
29 56
3665 3736
10 13
12 98
18 100
8 79
34 37
35 59
1 53
24 63
3749 3862
10 22
3875 3900
31 70
23 55
29 114
29 51
18 117
40 49
7 19
3923 3956
14 23
3982 4118
5 70
40 177
7 12
4131 4196
30 74
25 32
7 92
10 14
4214 4219
40 72
9 41
27 40
32 62
4247 4270
2 54
25 56
4285 4376
23 78
2 47
35 76
38 127
4 95
10 141
12 34
33 48
4402 4440
16 166
22 109
17 90
24 124
8 22
20 91
2 163
4465 4486
4496 4605
18 61
42 104
2 20
28 50
14 76
23 49
15 77
4618 4726
27 53
8 54
17 25
26 82
36 187
29 77
31 49
4742 4746
4773 4777
26 163
38 50
31 60
7 13
21 23
38 87
19 57
9 13
12 111
4799 4852
3 49
17 127
6 43
32 75
3 42
28 143
17 61
10 21
4863 4903
22 52
3 79
4931 4984
29 60
29 160
43 87
5 41
22 74
4 21
5000 5006
9 108
5024 5027
43 83
42 183
36 77
30 80
27 57
5054 5132
18 34
27 33
5153 5173
24 81
27 83
9 16
1 64
5186 5231
5 95
4 48
36 54
13 92
29 136
17 64
20 70
4 50
12 132
5252 5264
37 100
5275 5286
33 85
5304 5434
25 33
16 23
2 14
4 39
12 15
34 116
40 175
5459 5468
35 67
8 69
11 66
40 57
26 34
10 92
42 61
34 42
5484 5504
3 13
37 47
36 132
20 31
36 105
41 64
17 124
1 91
5528 5534
3 83
4 31
30 48
37 43
4 116
5 11
23 69
13 22
5557 5580
26 32
19 66
39 50
28 37
5599 5605
8 61
5626 5746
10 43
29 94
5 45
39 144
30 88
7 71
26 141
7 21
2 12
5756 5925
34 68
17 36
18 54
26 99
21 116
5942 6095
6 56
2 22
10 54
35 107
10 55
6118 6124
10 57
6152 6167
28 96
26 108
2 87
14 24
10 66
6194 6271
28 36
16 105
32 48
6294 6374
1 89
2 16
16 199
2 98
18 53
24 52
24 200
39 158
16 151
6402 6436
40 111
36 116
6453 6487
27 161
24 69
18 141
38 63
34 55
6517 6545
40 173
41 134
34 92
3 5
30 51
32 53
6575 6610
30 69
21 79
5 54
14 67
27 87
11 22
12 54
4 42
42 62
6625 6637
27 203
18 24
38 81
20 43
6660 6772
19 64
42 173
24 37
11 91
31 74
36 39
33 36
39 63
36 69
6791 6803
22 30
20 32
26 42
2 30
16 94
20 56
17 33
6819 6829
4 8
11 58
12 35
8 10
6856 7041
12 78
9 62
7 105
9 97
33 40
39 78
39 94
39 72
7060 7182
4 15
8 96
24 83
1 17
2 27
1 9
7195 7244
38 57
16 50
38 139
20 93
16 170
14 60
7256 7328
1 3
7339 7424
14 35
30 56
25 53
20 45
29 46
14 62
7448 7457
24 91
4 30
32 94
7477 7546
3 70
37 145
5 10
6 74
1 67
36 83
8 41
19 24
7574 7602
33 41
13 106
33 79
37 53
27 93
26 52
40 50
37 74
7616 7729
40 61
12 77
4 64
28 199
2 35
7759 7825
10 133
7853 7875
37 119
38 82
5 93
40 140
30 42
39 120
8 42
17 75
8 55
7886 7918
31 35
11 142
20 39
7942 7955
7985 8074
24 78
39 64
29 146
8094 8174
23 33
12 46
28 46
8202 8210
34 84
3 74
24 44
30 65
19 101
40 55
34 88
34 104
8224 8239
29 72
19 154
38 68
15 42
18 49
10 20
39 106
39 83
8251 8266
24 84
33 123
25 50
30 85
40 80
23 126
33 44
8296 8420
8 25
26 74
39 46
28 33
36 48
8442 8580
40 96
40 75
20 25
7 43
24 46
4 16
16 36
37 133
8608 8700
16 109
15 50
18 36
23 150
8716 8720
40 158
17 43
8730 8797
35 206
14 101
38 40
9 51
36 87
26 37
8809 8813
8830 8877
30 119
31 161
7 66
6 14
39 53
4 9
23 40
26 51
23 66
8901 8943
8970 9026
17 84
5 25
32 43
8 102
38 41
30 46
27 67
32 143
31 61
9037 9068
17 51
10 29
7 30
14 81
1 36
9086 9175
13 20
9203 9289
7 22
9309 9335
20 24
31 132
9348 9459
39 68
7 86
22 53
9477 9480
22 91
15 17
26 47
25 51
6 52
39 84
17 86
38 138
31 90
9507 9667
9689 9787
6 21
30 123
10 46
21 35
9802 9811
3 103
14 30
9828 9870
19 99
26 125
26 40
23 119
9897 9914
21 81
40 53
30 33
13 50
32 101
10 101
25 43
6 166
9931 10033
5 145
8 30
39 203
2 40
10063 10220
1 7
1 21
4 19
10244 10247
14 72
12 23
14 109
38 125
29 100
29 35
17 55
8 121
32 174
10272 10362
18 113
10382 10481
35 87
24 60
39 95
24 26
32 40
27 47
29 58
11 90
10509 10531
15 65
32 38
18 68
10551 10562
10577 10586
29 67
10 50
27 74
30 87
10612 10614
8 29
2 37
29 79
10641 10673
6 29
13 79
33 71
2 10
33 141
25 161
1 55
10687 10736
10762 10865
10 80
18 126
35 46
39 57
18 33
2 23
29 204
12 20
37 55
10886 10967
8 39
10977 11021
33 106
18 67
2 13
6 90
24 45
11049 11053
23 71
20 80
31 159
11 15
19 112
2 146
37 76
22 43
11069 11158
20 52
26 31
34 60
10 48
36 81
11 128
11188 11259
26 71
17 129
12 59
11279 11324
5 29
11342 11350
7 101
24 62
5 57
11 70
30 199
2 120
14 57
10 110
14 37
11367 11546
2 24
34 91
39 54
33 125
39 143
16 42
11569 11622
23 48
19 55
24 134
35 65
11650 11662
28 186
36 45
33 156
11686 11688
24 108
3 150
3 139
23 34
22 29
18 69
22 39
11715 11731
4 166
1 32
32 119
28 126
23 61
27 37
1 12
40 64
3 77
11759 11863
15 39
33 38
39 74
16 64
33 57
16 121
1 34
9 37
11878 11937
12 130
34 51
33 42
12 44
11965 12009
9 132
10 19
26 63
12020 12087
39 41
21 125
23 62
19 45
26 107
12102 12128
8 152
12156 12250
19 30
30 140
12279 12281
17 126
25 157
12 29
21 24
9 54
9 44
12305 12328
12357 12418
23 77
6 109
10 37
12429 12442
26 29
36 67
31 44
12469 12561
19 26
4 91
34 69
6 76
12573 12750
15 53
3 119
9 45
20 53
25 90
29 47
32 79
12780 12809
7 42
6 47
17 71
12839 13000
15 49
15 90
24 73
20 83
30 45
31 57
13025 13041
26 53
33 55
32 108
38 85
1 10
22 169
15 67
17 78
16 44
13067 13116
11 39
20 109
14 103
40 48
25 202
11 51
18 38
2 101
13133 13141
27 56
23 134
21 37
9 83
37 57
13163 13206
13225 13253
28 127
32 82
7 16
19 38
13268 13332
2 129
18 107
14 176
35 51
29 37
4 17
3 87
27 43
40 82
13350 13366
23 59
13394 13407
13423 13608
13 145
30 90
11 31
15 60
13 124
13631 13711
18 71
27 41
34 185
3 48
4 47
13738 13864
7 18
22 24
23 47
35 78
6 63
23 149
13874 13900
5 62
16 33
17 56
11 92
7 120
19 27
13928 14036
22 51
14065 14139
9 118
14159 14273
9 61
5 46
33 160
34 118
23 86
4 56
13 35
14298 14307
39 170
21 46
26 114
14331 14400
19 178
14417 14468
6 59
34 149
1 16
36 198
25 149
36 118
13 47
36 181
5 83
14481 14555
13 99
2 84
31 77
28 45
9 98
18 28
16 81
38 168
14574 14591
37 65
19 42
16 63
20 40
35 81
38 92
14620 14728
26 139
11 67
4 118
8 27
11 79
8 51
28 31
36 50
14753 14790
27 51
6 53
40 54
28 52
1 136
11 55
5 21
1 52
26 118
14807 14931
14 86
36 61
8 122
3 128
14955 14981
15002 15023
27 62
34 141
34 77
15045 15133
25 40
30 108
6 22
15153 15182
3 32
4 45
31 39
23 28
25 118
35 45
19 128
8 15
11 117
15197 15303
28 48
26 138
24 204
30 121
13 25
15330 15337
37 114
11 62
21 30
6 16
26 173
28 41
3 104
15365 15465
35 108
8 13
12 45
5 35
14 69
15 83
18 174
31 109
6 58
15490 15496
7 96
25 138
12 67
29 68
33 111
30 153
32 134
15510 15534
1 51
12 113
15557 15592
15622 15655
40 44
17 109
19 127
3 159
31 55
15 87
10 73
30 89
19 130
15669 15678
18 45
24 41
15695 15755
13 32
11 23
15784 15813
40 83
31 68
11 129
17 171
23 68
15840 15925
16 25
37 40
5 31
22 58
23 37
15 98
26 76
16 18
15953 15999
1 35
16010 16058
5 82
13 89
16068 16093
38 49
16116 16146
21 146
36 92
2 11
6 193
36 65
20 33
5 32
39 56
31 170
16167 16248
15 64
38 222
6 113
38 65
19 82
40 106
16276 16281
16300 16304
17 19
16320 16331
14 34
36 78
35 37
4 25
22 180
34 169
13 64
33 130
25 61
16355 16403
1 39
16421 16566
34 124
22 112
24 65
36 62
19 43
15 47
17 76
36 117
16576 16593
9 148
23 107
31 111
16 61
27 31
27 73
29 34
16603 16654
14 64
15 73
30 68
35 170
31 42
18 173
15 22
11 36
33 49
16673 16718
16742 16765
28 47
18 108
19 33
26 70
27 77
28 118
21 120
39 77
16792 16800
40 58
32 57
19 21
16812 16820
27 38
9 34
7 25
18 31
34 38
33 46
32 34
16834 16908
16919 16931
21 54
21 128
22 119
18 79
16948 16993
4 134
20 26
31 80
38 51
25 57
3 90
2 116
17014 17017
17040 17060
16 32
9 87
34 56
34 179
35 127
17079 17105
31 75
22 42
14 44
17133 17180
8 21
12 17
17202 17220
18 40
35 159
17235 17256
17285 17408
17 83
33 67
34 62
26 79
17437 17552
17 46
1 114
10 16
4 77
34 130
20 82
29 50
17570 17590
17620 17705
31 211
15 37
17722 17836
14 78
17861 17917
8 44
31 50
17945 18044
16 57
1 63
21 108
22 124
2 46
1 4
18073 18099
6 54
11 35
22 28
18112 18166
32 186
19 76
8 149
31 116
13 16
34 66
32 41
30 63
18179 18216
29 113
5 27
18227 18299
25 31
36 74
14 123
32 72
18310 18478
19 182
11 54
29 36
27 81
1 27
12 55
20 44
19 67
34 162
18490 18499
16 106
18512 18567
16 68
31 78
18593 18691
37 112
18712 18755
35 64
8 33
38 43
18785 18796
4 188
25 85
3 80
21 107
32 65
9 36
24 126
21 50
3 89
18816 18860
7 23
18878 18973
18 88
18 43
34 39
6 36
4 33
13 57
18985 19096
36 56
30 37
16 34
40 59
11 68
1 49
29 92
18 127
10 42
19109 19175
24 74
14 77
13 101
33 68
34 120
12 135
38 90
13 96
19187 19259
29 131
7 112
20 54
23 29
22 100
29 138
19282 19329
4 11
13 87
37 84
37 81
19348 19360
32 39
26 81
19372 19387
24 96
21 28
4 67
9 11
19410 19443
10 179
5 87
34 78
19473 19535
2 45
7 15
19547 19561
39 130
1 20
17 207
11 59
10 51
8 87
11 20
37 87
19585 19616
1 117
17 31
37 97
11 151
38 105
26 158
19632 19681
30 174
14 21
18 25
32 136
17 115
31 66
31 101
12 116
11 27
19694 19825
39 141
12 137
1 60
12 71
38 53
19848 19932
40 169
24 111
19942 19959
9 25
31 37
1 59
17 49
6 31
16 72
5 7
7 82
19972 19990
19 85
6 30
23 215
28 79
1 88
8 16
3 71
17 197
20008 20032
35 91
12 53
13 103
1 83
31 46
5 67
20 131
33 105
1 28
20052 20135
7 31
20159 20212
12 26
16 24
20 101
2 50
3 73
26 38
20234 20257
11 21
20275 20402
6 116
7 87
8 67
35 134
37 109
12 68
28 101
6 10
39 129
20417 20473
20492 20582
36 112
20592 20618
13 21
1 141
33 69
20641 20669
27 45
18 97
13 133
20680 20756
20 78
4 171
20777 20824
38 64
20842 20996
21014 21035
8 34
21058 21095
21118 21193
4 6
7 52
3 27
30 70
30 50
29 84
25 63
32 83
40 66
21216 21249
30 104
36 172
5 16
7 9
29 39
21275 21391
38 235
22 45
21414 21490
6 85
9 129
11 72
32 84
12 25
36 85
10 90
14 20
16 31
21516 21545
27 44
15 135
21561 21581
29 173
14 63
21593 21652
10 30
39 147
21664 21743
24 33
21 148
38 128
35 66
14 22
4 107
5 14
21764 21838
18 72
21 58
7 10
21863 21979
39 205
21 101
6 51
31 136
22000 22040
20 74
18 143
7 123
20 143
22061 22116
34 188
28 69
10 25
30 198
2 8
6 80
33 39
25 207
22133 22174
35 105
4 140
14 18
22184 22223
29 45
18 91
25 81
31 98
22243 22248
15 35
22270 22300
1 25
36 47
4 137
31 86
5 129
13 40
15 27
22326 22355
20 72
26 57
22376 22495
18 196
16 51
32 99
8 12
33 53
23 42
22518 22549
33 62
33 189
17 147
4 7
23 142
9 17
10 162
22564 22658
36 49
36 140
16 20
1 76
31 119
22677 22717
22 127
30 35
32 56
11 127
14 139
17 85
6 18
13 19
11 30
22737 22803
22821 22857
22883 23010
34 50
11 64
37 52
19 53
36 168
23038 23070
36 41
17 40
6 50
10 81
38 55
22 139
39 136
28 83
23098 23119
4 105
9 78
24 139
23 124
29 97
23143 23167
9 172
26 41
5 90
8 37
3 85
13 34
23191 23378
39 92
5 28
4 60
8 76
16 138
23400 23488
11 38
21 29
19 28
23515 23527
24 99
23544 23560
33 101
17 44
35 48
23581 23583
22 35
24 59
17 95
18 44
28 120
7 74
38 88
19 25
23593 23615
17 114
6 77
34 220
23630 23635
9 114
23 46
27 121
21 150
38 56
23647 23670
5 34
24 35
5 12
9 75
23681 23847
4 44
2 5
3 106
23868 23944
38 46
30 58
22 161
23956 24056
29 70
18 22
6 12
8 66
21 142
24085 24158
25 132
35 50
7 45
24188 24218
13 36
3 24
16 186
23 43
27 46
4 34
19 94
24228 24230
32 81
24 66
13 61
33 88
38 69
37 106
33 128
39 103
6 65
24258 24271
35 82
2 42
30 147
18 65
29 48
14 106
3 52
23 80
24292 24324
24346 24359
11 65
15 58
19 122
7 81
38 117
24381 24390
33 135
7 115
18 52
35 101
25 67
37 71
24403 24415
24 115
23 45
12 154
10 62
2 29
40 120
21 44
5 115
24435 24472
5 8
10 82
1 13
30 61
24501 24511
19 102
19 74
10 96
24536 24562
3 16
15 61
5 24
8 112
5 50
24583 24607
26 91
18 116
5 30
10 113
16 129
24635 24706
11 86
27 64
37 48
10 61
26 36
24718 24781
38 129
14 118
5 19
24807 24839
24865 24870
23 60
38 78
27 29
38 114
22 108
9 23
25 49
17 100
24882 24924
5 73
30 151
22 116
24942 25013
33 74
31 63
15 63
25031 25039
22 79
2 51
33 45
25069 25142
25172 25327
15 20
29 135
1 143
12 144
12 31
28 95
25345 25352
25377 25473
31 99
10 126
25 117
12 38
4 79
25486 25513
28 54
3 115
18 46
33 54
25539 25550
7 17
29 112
40 145
25570 25733
9 29
7 107
36 107
24 38
5 9
25750 25805
4 51
26 148
26 50
31 38
31 54
25829 25927
18 162
19 46
36 96
12 19
37 144
6 24
7 68
2 4
25943 25996
16 35
19 29
30 36
15 24
3 25
34 178
20 29
40 52
26022 26040
40 88
13 193
24 70
17 110
15 111
9 140
15 28
26 39
24 117
26065 26139
1 142
21 25
27 109
18 118
13 33
1 73
21 158
9 66
26168 26199
31 123
20 27
20 22
30 77
37 42
1 37
24 95
26219 26272
7 28
26285 26359
14 84
35 94
30 60
26379 26496
14 61
3 19
4 167
26525 26589
26 45
38 59
28 107
1 47
15 72
17 47
28 74
2 17
26608 26663
36 191
27 192
14 122
34 63
32 115
26685 26850
7 138
36 73
35 70
20 96
35 44
1 24
28 158
15 44
26873 26877
26903 26921
20 46
28 71
26949 27038
27057 27096
4 36
31 67
27 42
37 108
38 45
21 62
27118 27159
11 46
27186 27356
4 40
29 69
34 58
39 142
34 119
5 44
27382 27496
38 52
19 61
11 71
32 166
37 79
32 68
27514 27552
10 23
4 57
23 165
24 39
27576 27586
17 60
19 49
8 174
23 114
19 98
29 40
23 116
6 46
35 89
27603 27623
20 115
37 186
40 155
34 144
27645 27734
5 52
13 71
40 42
7 125
4 18
6 75
27 32
27749 27787
23 105
1 127
11 32
13 63
26 198
27797 27858
40 168
15 78
35 199
27869 27900
2 79
15 33
27930 27939
14 149
12 37
27 69
27956 27966
19 211
27981 28038
38 89
7 40
4 26
33 52
9 159
9 80
11 116
22 70
20 77
28052 28063
17 21
9 28
28080 28121
25 35
11 41
3 36
29 170
34 76
14 85
28136 28146
32 44
24 87
16 133
34 47
6 81
26 78
28167 28235
16 95
34 196
23 38
12 32
39 59
27 72
37 194
15 38
28253 28412
5 63
25 28
36 57
28422 28525
34 81
16 115
4 106
8 75
4 150
13 30
28548 28579
6 123
37 159
17 26
29 168
14 58
28 196
28590 28692
28 63
27 165
24 205
28 55
38 44
28712 28775
15 164
35 106
20 73
9 35
7 14
11 24
25 46
7 50
28792 28851
30 105
12 30
17 27
2 113
32 158
27 75
29 165
30 32
28867 28876
2 44
28 61
28899 28910
3 109
24 127
5 51
28925 28966
7 93
38 71
6 117
12 49
18 58
28983 29003
29 89
31 76
29020 29036
26 48
28 135
25 110
12 159
25 105
3 105
1 113
29054 29062
13 49
17 28
34 70
1 62
38 142
24 90
3 179
31 151
21 43
29087 29164
5 136
15 23
18 134
16 46
29174 29219
13 24
13 150
31 34
13 141
37 62
29 121
18 21
6 170
10 34
29244 29297
5 64
16 37
25 120
29310 29378
13 168
2 75
22 48
40 51
29406 29480
19 179
23 51
23 26
29503 29515
17 52
6 33
38 73
6 66
11 77
13 80
28 117
29540 29615
30 76
2 115
33 150
29 59
29628 29642
1 80
20 37
36 84
26 43
31 115
20 92
29660 29693
5 91
17 176
40 150
32 156
6 64
28 76
29720 29762
40 47
18 133
29782 29792
25 116
24 29
8 85
39 70
38 133
7 46
29822 29912
29 63
31 95
31 163
7 89
6 23
33 153
8 40
29942 29948
10 47
6 27
5 66
15 25
29965 30079
15 175
39 124
16 28
6 171
31 100
9 18
2 102
30092 30159
31 122
35 154
30183 30264
15 105
11 29
4 94
21 33
37 157
22 147
30286 30315
20 132
31 139
30330 30392
8 128
30418 30471
3 127
22 64
30490 30618
17 48
37 101
12 50
40 94
34 101
28 60
28 65
28 87
10 69
30636 30700
21 63
40 142
39 169
14 184
30722 30782
35 41
17 204
12 24
23 44
9 19
30 41
30792 30797
7 188
30810 30864
30881 31017
37 107
18 152
22 103
24 72
15 19
31030 31186
31205 31359
31389 31402
36 91
31416 31438
35 71
36 40
34 75
14 29
31462 31465
25 76
13 98
2 88
29 80
25 129
10 160
31479 31647
14 140
5 39
31677 31745
31765 31840
10 15
38 147
22 148
34 95
5 18
13 109
6 186
14 41
31 93
31859 31878
24 57
16 66
2 141
10 38
4 24
31908 32020
32046 32055
32074 32118
12 18
5 33
32130 32218
32244 32253
11 83
39 99
11 28
32268 32281
22 25
32299 32329
26 62
19 75
33 124
1 44
13 38
37 70
41 131
32342 32344
32 54
32373 32384
21 96
40 117
19 106
5 61
32409 32429
34 136
4 74
18 37
7 77
32459 32538
1 6
39 51
40 93
3 86
22 57
5 15
16 26
35 40
32566 32600
2 62
22 33
8 82
11 52
18 27
15 148
4 14
3 96
28 114
32616 32782
32806 32872
8 115
37 89
32885 32943
9 14
35 210
15 30
19 41
38 207
31 58
32960 33005
14 54
30 55
19 96
5 174
33026 33070
33 43
19 56
4 32
39 104
35 42
20 61
35 98
23 75
36 141
33090 33189
36 82
6 15
31 160
7 49
26 134
29 151
35 145
38 101
33204 33208
18 153
38 166
36 90
40 184
22 38
28 168
33236 33350
8 31
30 138
8 45
9 32
22 130
27 66
33364 33502
39 133
40 156
15 162
33532 33539
8 62
33560 33606
27 85
40 99
11 25
28 122
35 39
25 111
7 29
33633 33644
4 53
19 40
9 93
32 111
20 66
33662 33684
1 165
7 59
6 79
37 102
24 31
33694 33779
1 103
11 103
8 58
37 104
38 216
8 146
14 52
33799 33898
29 71
33909 33917
33938 33981
4 133
36 76
27 52
21 162
19 52
3 35
9 24
8 144
34004 34033
31 106
17 82
34048 34114
41 71
2 90
17 66
15 36
6 34
12 36
35 203
34136 34193
5 128
4 59
19 39
2 154
6 128
15 84
24 55
32 45
34218 34259
34287 34290
40 167
30 95
24 28
29 76
2 128
13 95
2 60
34300 34303
17 108
35 68
36 71
6 92
40 160
18 82
37 73
8 48
22 76
34322 34327
5 58
32 164
11 76
23 103
34346 34353
21 84
24 102
17 34
34377 34407
10 76
8 52
32 52
4 143
16 62
27 191
37 93
37 140
34417 34458
13 81
30 83
16 52
2 18
3 125
38 110
23 54
34488 34504
34 110
40 87
41 87
34 148
37 82
38 162
10 35
34516 34545
34 61
35 161
1 129
1 57
24 119
34567 34610
12 40
28 44
15 106
2 137
34634 34670
35 57
19 124
24 112
32 49
38 94
13 17
33 134
28 80
5 84
34684 34703
6 41
34721 34768
16 65
30 152
21 68
24 138
39 67
34779 34809
34823 34853
32 35
40 159
16 126
16 159
27 207
24 58
15 89
30 43
34880 34952
3 10
37 120
12 69
34969 34972
37 83
34986 35090
25 128
32 126
5 137
4 54
35102 35168
2 21
7 26
11 53
14 126
39 90
18 106
39 49
27 145
1 151
35178 35196
27 49
23 101
29 175
41 56
25 98
19 22
6 62
35226 35326
32 58
18 39
28 39
33 207
19 92
34 96
35336 35366
11 14
9 81
35383 35432
11 47
35450 35519
35 115
41 147
19 48
37 64
38 179
27 101
3 107
19 35
27 35
35546 35588
32 114
36 167
4 101
37 154
4 131
8 179
35608 35669
1 95
10 127
41 82
2 100
20 107
30 72
39 89
35686 35688
10 75
40 229
17 67
10 58
23 79
13 118
38 111
26 56
9 137
35706 35708
17 143
4 52
14 17
8 108
35727 35801
37 44
2 19
39 152
32 93
12 89
30 59
35817 35842
32 46
14 46
15 31
2 38
7 118
35862 35922
16 79
37 54
8 113
38 62
9 143
38 130
25 41
9 21
35941 35973
24 168
11 164
39 138
11 109
35987 36015
21 52
20 94
25 89
17 177
41 63
8 36
23 177
36 42
7 53
36035 36163
28 38
34 72
19 84
6 40
17 42
14 56
12 72
36186 36221
36232 36259
34 45
40 162
17 62
7 122
3 56
37 183
19 162
41 126
29 147
36274 36319
31 94
36 120
30 110
7 32
21 32
36346 36365
15 122
39 42
3 44
41 69
28 64
3 11
36381 36422
11 42
17 79
14 80
33 47
36432 36538
41 60
5 98
5 55
29 110
20 57
10 85
28 35
36554 36597
22 54
28 109
20 102
6 130
13 62
20 58
36607 36646
25 87
14 94
36662 36720
15 55
35 167
6 20
18 80
14 25
10 107
28 113
11 131
36744 36747
28 152
28 156
4 22
41 80
3 101
12 105
41 143
23 72
9 30
36773 36806
6 9
33 154
15 80
29 54
3 23
36833 36838
18 99
3 50
25 84
14 129
36852 36952
17 23
41 119
7 99
1 15
35 190
27 34
25 133
21 165
23 56
36972 37043
25 52
3 64
41 91
39 116
14 98
9 125
37067 37175
12 151
37189 37217
15 29
30 126
33 56
37 179
32 98
37231 37237
21 91
29 186
41 83
6 55
37262 37427
37 58
36 53
37442 37448
25 103
33 58
41 132
37461 37573
37600 37631
18 130
12 61
22 26
28 75
25 119
37657 37733
25 71
13 94
8 97
18 112
35 38
11 57
41 76
41 72
9 72
37762 37902
19 69
3 61
39 145
27 90
12 145
29 171
13 107
29 88
20 171
37927 37942
25 77
37964 38008
21 73
15 40
17 70
6 32
3 132
3 21
13 53
18 89
14 90
38022 38028
32 118
14 51
38047 38091
38114 38170
5 40
41 170
5 78
7 39
30 97
38193 38266
25 27
8 23
38291 38358
12 83
18 50
37 51
8 180
41 94
19 72
38381 38399
30 135
38 189
26 129
35 125
1 33
31 84
7 85
11 97
38409 38429
16 40
16 102
18 102
6 84
40 63
17 77
34 80
38458 38629
38643 38709
11 134
25 60
40 196
13 93
19 32
3 118
9 31
18 176
31 40
38726 38785
37 63
25 185
38809 38823
38846 38931
6 94
38942 38961
22 83
26 60
8 56
29 42
38988 38992
24 120
1 71
24 135
24 61
17 50
36 75
24 121
6 39
39017 39155
32 90
11 69
1 41
7 54
3 31
39182 39201
6 70
23 32
22 77
5 22
10 26
22 118
4 124
19 114
26 111
39224 39254
33 60
13 111
28 154
29 83
36 68
39274 39277
14 42
39307 39323
10 182
37 80
39337 39349
33 84
31 82
25 144
39374 39427
27 124
39 114
13 122
39448 39464
34 127
17 63
39492 39503
34 65
26 126
27 63
41 62
30 131
39522 39555
21 31
41 58
38 42
39584 39609
15 156
8 63
22 61
19 137
39624 39744
31 52
2 127
40 46
22 120
35 142
22 136
33 161
23 194
39773 39800
19 97
35 56
42 126
8 71
30 162
41 149
23 63
33 202
39827 39946
36 134
18 86
32 37
14 55
29 57
14 31
42 63
39 60
9 76
39960 39985
23 117
34 98
4 27
36 183
25 160
9 53
17 53
40012 40156
3 18
16 58
40175 40186
36 46
38 48
27 102
34 44
21 55
10 31
6 17
3 22
40207 40214
18 60
29 128
12 129
22 82
12 65
18 75
40226 40298
10 98
25 197
6 127
28 62
17 57
40315 40320
19 83
38 112
41 48
3 26
41 107
12 96
16 56
41 128
40340 40426
40448 40615
40639 40680
4 112
31 137
40693 40702
9 82
41 47
40 62
7 129
37 68
4 85
7 11
11 61
26 153
40720 40883
2 9
24 157
32 70
39 97
19 166
8 17
13 66
28 169
36 66
40900 40945
40 92
29 33
42 70
21 61
6 8
33 157
4 173
40970 41094
20 67
38 126
38 93
16 80
41106 41126
19 62
11 13
15 34
23 64
41149 41183
26 94
36 158
42 90
39 125
37 130
40 91
17 32
41194 41206
34 155
9 141
2 138
14 38
7 83
24 50
36 52
18 158
23 90
41216 41258
4 122
31 175
17 30
42 58
12 66
41268 41322
20 64
11 19
38 116
11 113
42 138
18 51
41348 41360
35 60
29 157
37 118
4 76
16 92
36 147
41 68
8 88
41378 41405
37 135
21 48
35 214
41435 41440
12 79
5 108
29 99
6 61
34 67
18 209
16 53
41453 41465
23 155
41484 41624
30 169
41644 41809
32 199
24 27
2 34
41 146
14 50
41837 41972
31 73
12 74
7 139
16 91
8 11
41982 42124
39 62
42144 42178
16 74
16 111
35 175
42203 42265
22 63
12 168
6 111
20 76
21 88
26 171
23 128
5 47
30 34
42280 42289
14 147
16 45
37 50
42311 42431
32 155
38 61
19 89
27 108
36 157
22 56
33 103
20 129
42459 42471
42485 42666
39 44
6 143
42677 42693
32 47
42 206
26 133
17 132
40 105
31 157
1 125
1 77
42705 42787
38 234
29 111
1 123
30 39
14 179
24 51
12 16
22 133
42817 42890
11 119
36 195
42 204
27 30
20 79
33 97
12 70
42916 42926
42950 42979
1 119
7 55
3 81
19 153
10 18
42991 43027
5 48
31 97
22 36
43055 43153
15 66
13 88
42 192
38 123
29 73
43169 43190
20 35
36 126
15 127
36 162
19 36
27 48
43201 43207
39 86
43218 43232
42 60
41 160
43247 43255
41 44
43273 43311
31 117
24 75
20 145
19 37
7 183
35 126
43326 43398
25 36
3 6
36 70
12 75
43421 43466
38 137
3 67
34 100
19 169
16 112
35 77
4 20
43487 43494
15 141
39 45
43514 43569
27 132
3 120
32 61
1 85
43587 43731
27 60
41 165
38 173
42 158
42 142
28 200
43757 43777
13 29
32 110
43798 43831
12 39
7 72
21 99
12 157
41 142
43854 43940
32 77
25 112
42 82
40 97
36 58
34 64
42 100
24 173
7 119
43967 44013
34 132
2 70
5 17
44030 44042
44068 44154
23 27
15 144
39 110
39 76
34 184
44174 44192
39 52
39 185
35 222
44210 44226
11 99
44240 44364
41 176
21 42
13 56
34 131
23 129
37 201
15 113
32 51
44385 44397
44413 44477
36 60
30 64
12 85
42 47
33 80
3 151
44503 44563
44592 44664
42 76
42 79
41 75
32 175
44676 44682
5 132
24 159
9 20
23 202
44699 44735
26 89
44750 44754
10 28
44775 44781
8 91
12 33
3 39
37 110
7 38
13 112
35 85
37 128
41 78
44811 44827
44855 44857
12 21
4 117
5 150
3 14
44873 44888
12 147
35 80
13 75
7 47
42 57
16 27
31 147
16 93
44902 44943
32 66
13 104
25 38
14 89
32 92
24 77
27 36
32 64
44971 44997
21 94
39 105
15 93
40 74
21 92
45007 45117
41 130
36 79
25 183
20 41
28 130
15 21
21 45
35 135
35 47
45137 45303
16 144
4 130
42 75
11 37
4 37
42 92
1 196
1 118
45327 45459
42 117
24 109
34 36
18 32
45471 45622
15 159
13 70
29 142
12 57
22 37
45634 45661
22 104
34 40
14 74
6 49
31 217
38 47
45673 45719
41 66
22 94
10 169
37 86
11 130
37 178
20 97
41 92
22 111
45730 45865
4 71
45894 45906
38 106
14 66
3 9
33 94
36 174
31 69
30 133
45926 45941
30 132
42 114
45968 45995
20 71
46018 46160
46187 46231
31 89
5 65
35 131
33 89
23 159
37 39
10 39
17 157
46251 46372
36 95
42 116
46396 46462
17 164
6 44
3 69
37 180
1 23
34 48
30 49
27 100
46476 46541
36 163
34 57
24 148
4 114
46555 46575
37 90
26 33
34 168
40 122
41 198
46585 46664
38 143
43 69
23 57
46682 46694
40 209
35 119
40 115
31 33
23 36
29 74
8 73
46715 46737
22 134
15 95
46751 46762
5 36
36 104
5 165
46789 46808
34 105
6 38
41 154
15 45
4 192
46832 46963
9 26
33 37
4 113
29 154
23 136
6 176
6 148
46974 47060
18 74
41 114
6 99
47070 47077
28 103
19 71
23 65
8 84
8 100
21 106
33 185
47103 47154
30 154
22 110
21 86
47168 47310
42 95
34 139
47321 47470
36 88
47483 47570
26 64
47580 47621
36 133
40 43
29 87
24 36
26 102
11 75
19 59
34 128
47638 47726
18 186
22 59
47753 47792
43 58
39 195
1 94
32 91
6 78
47809 47856
6 11
4 46
4 23
47876 47893
25 44
32 60
26 152
7 84
21 89
5 26
5 119
8 43
47916 47937
22 66
27 70
37 95
47953 48066
12 148
42 66
8 59
20 48
6 102
48082 48101
18 163
42 164
5 99
26 142
27 58
40 100
32 109
48121 48163
2 77
43 76
19 95
9 63
2 7
16 145
48191 48193
43 86
41 105
7 98
29 38
1 179
5 88
41 104
4 146
27 54
48214 48243
37 143
20 65
10 65
42 84
5 139
31 62
37 59
48268 48341
35 113
33 99
38 102
33 73
43 123
48365 48440
26 119
42 59
7 156
48462 48472
23 130
5 173
4 73
16 119
48487 48568
17 39
28 72
23 74
25 194
35 83
41 115
24 179
4 99
48597 48685
42 197
22 125
12 82
28 91
42 80
5 111
43 57
48700 48712
28 187
7 20
48725 48747
25 159
30 53
5 140
42 77
28 34
48758 48771
4 103
11 45
48794 48838
24 42
27 65
33 133
48850 48899
38 60
48925 49000
40 176
42 93
31 45
49029 49039
35 160
38 84
39 128
49064 49107
11 96
13 115
25 34
43 63
34 154
22 97
26 77
49121 49159
13 73
25 29
40 187
49176 49224
9 39
23 183
49239 49331
15 85
28 111
28 49
11 118
29 65
6 26
13 192
43 65
15 96
49357 49482
14 73
9 77
42 107
2 43
10 33
22 65
31 56
16 22
15 26
49503 49562
31 143
27 79
49575 49617
13 90
10 40
43 95
4 100
30 170
36 94
33 65
49627 49768
17 151
34 49
3 66
41 127
49778 49909
11 105
10 93
40 70
49931 49952
7 141
10 68
18 142
21 82
13 68
7 124
43 49
35 121
49963 50009
50037 50044
10 117
28 202
10 128
11 150
50065 50128
14 87
50145 50170
3 20
42 110
16 83
50196 50259
50289 50298
25 79
50322 50327
19 185
5 53
32 168
50353 50380
8 143
35 104
5 109
6 95
41 70
50399 50441
50451 50509
24 98
9 106
42 96
6 19
12 194
50530 50669
27 95
31 91
29 144
39 131
32 113
43 90
50694 50702
34 87
23 58
23 39
6 98
34 134
29 116
50730 50753
16 43
50778 50937
11 48
22 41
26 30
13 48
39 206
28 30
43 74
21 112
50959 51030
10 53
4 128
51057 51106
2 58
14 45
15 71
4 108
17 81
51133 51220
51242 51253
11 17
40 126
51275 51303
34 79
3 57
39 119
21 188
31 64
39 115
40 85
51320 51361
11 73
19 50
31 166
8 124
9 139
16 140
51390 51459
33 64
16 19
23 100
29 44
51483 51528
44 98
29 107
51551 51555
2 150
38 83
28 32
41 85
33 93
51581 51613
5 80
34 54
38 181
7 35
44 89
51640 51686
39 55
51707 51856
44 115
14 88
1 170
44 136
20 69
21 78
51885 51902
14 107
38 163
29 31
51916 51935
42 54
32 80
41 77
51948 51985
51996 52140
44 66
38 156
28 147
30 168
9 55
21 104
16 39
31 113
40 67
52156 52173
30 139
16 187
11 98
19 168
13 116
37 172
20 108
35 186
52195 52210
40 190
36 124
30 78
16 192
2 73
1 124
52240 52273
29 85
6 45
7 56
43 55
41 123
38 208
30 75
20 28
52290 52374
22 89
20 134
23 76
44 187
43 54
4 28
11 107
5 37
52388 52395
52416 52440
2 57
23 180
3 174
44 141
6 37
19 145
2 63
37 60
18 20
52461 52478
17 38
26 65
30 86
26 68
43 166
44 46
6 83
52494 52509
28 185
3 38
3 94
9 12
25 127
52525 52542
42 131
12 86
11 102
42 56
12 56
52571 52618
30 130
27 151
25 121
21 111
9 120
52645 52814
43 139
32 170
36 119
18 95
32 55
8 18
27 59
52841 52902
44 172
52926 52986
1 68
9 101
43 151
24 30
33 201
41 222
53015 53024
33 210
53043 53109
28 43
36 43
27 185
53136 53214
6 147
22 162
4 87
53232 53276
13 176
2 83
9 107
18 70
38 164
42 133
26 115
19 77
53304 53384
18 41
20 110
37 46
33 87
18 30
53410 53557
4 120
9 65
33 50
53575 53580
35 52
24 48
41 110
21 85
53603 53626
33 146
53639 53647
42 113
9 68
25 137
36 169
25 139
16 184
42 46
53668 53713
43 71
32 112
22 60
1 69
5 38
44 113
23 138
21 93
53732 53753
25 153
29 52
53780 53885
5 13
31 79
16 86
53899 53920
12 128
43 141
27 84
13 59
43 67
9 157
5 81
53950 53986
33 59
40 73
41 193
34 43
40 60
44 208
36 108
40 77
17 45
54002 54007
26 184
38 188
44 57
43 62
14 104
42 106
11 43
41 173
54033 54040
54063 54198
10 184
20 126
3 8
10 72
1 96
54208 54216
6 126
54243 54284
1 126
32 97
11 81
18 101
25 86
39 58
29 192
54304 54494
12 160
6 57
40 102
19 107
19 90
13 31
20 119
34 170
54524 54659
21 95
20 86
27 135
36 99
43 47
54674 54683
31 146
5 42
8 53
2 136
44 81
44 87
12 112
54699 54712
9 47
9 43
15 131
44 52
14 53
54724 54793
12 106
12 155
54822 54874
54887 54983
12 48
14 102
1 42
30 106
26 46
36 38
40 45
37 208
55009 55128
1 79
55156 55166
15 70
25 136
44 90
18 85
18 114
16 84
55192 55223
27 92
30 136
3 54
44 91
4 49
24 174
55241 55339
5 106
43 81
31 130
55355 55499
20 124
3 37
25 73
2 53
28 131
13 85
37 105
55517 55543
44 78
8 19
43 45
41 103
3 111
42 191
11 159
42 45
10 170
55563 55566
43 77
13 39
3 40
55593 55608
44 177
44 181
1 11
55626 55678
35 49
43 208
31 177
4 136
32 131
43 99
38 134
17 22
25 96
55702 55750
26 193
7 161
15 48
17 209
55777 55877
43 150
25 62
14 135
26 75
15 52
15 69
55902 56038
22 47
44 145
37 123
1 74
22 115
17 123
31 104
3 41
9 33
56057 56093
10 106
56111 56286
2 49
24 106
13 65
39 151
21 70
56296 56340
17 120
23 127
42 64
56368 56417
19 146
42 52
43 88
38 221
56428 56439
20 89
32 76
20 60
12 62
1 48
24 154
34 82
43 61
20 50
56457 56562
56582 56712
5 103
21 192
18 35
56732 56794
26 92
7 88
45 99
29 153
56817 56847
8 35
8 24
29 206
17 118
7 33
56871 56954
16 148
7 34
19 129
33 63
42 48
56977 57102
4 78
44 109
39 188
30 223
44 116
38 70
39 113
34 114
37 69
57125 57245
2 96
57262 57284
19 109
44 48
1 166
40 144
26 105
16 69
32 73
57314 57356
10 97
24 123
10 67
14 172
57372 57393
34 137
57405 57480
21 153
45 58
42 146
22 80
57497 57538
57565 57613
5 68
34 83
14 26
57626 57631
23 111
26 98
34 102
13 52
20 49
29 62
40 81
57647 57764
34 142
43 48
57779 57794
16 38
15 140
42 165
21 66
57822 57824
29 81
21 75
26 117
18 84
57835 57901
2 6
42 181
12 94
18 129
22 141
57911 58054
28 160
26 104
4 29
58076 58125
32 191
7 169
14 170
42 169
36 127
44 148
17 163
21 57
10 115
58148 58154
25 47
6 114
13 102
42 220
45 48
28 151
10 32
33 113
58177 58185
44 97
22 187
41 166
1 111
4 159
37 199
36 129
58213 58342
25 70
23 189
23 82
36 218
26 191
58355 58412
23 144
58441 58586
20 154
37 192
2 76
16 103
5 117
7 76
25 140
19 47
58600 58653
30 149
42 83
35 92
43 52
43 51
58664 58785
1 102
42 149
22 27
58815 58827
1 70
36 114
58837 58902
44 86
2 55
20 137
44 61
10 158
36 188
58922 59008
43 60
45 113
35 110
8 14
18 48
22 157
59025 59104
59129 59151
9 74
39 65
45 141
9 27
59172 59215
10 99
43 96
59242 59273
16 78
25 37
3 45
33 76
1 19
8 157
59291 59382
59406 59508
59524 59583
6 13
2 32
45 91
4 97
12 176
20 38
36 72
59611 59657
13 149
11 18
59684 59834
43 149
8 28
34 163
59864 59914
38 198
45 222
32 96
39 207
30 157
59928 59981
2 48
22 188
2 31
17 158
34 113
41 99
22 131
60009 60146
4 104
60163 60165
43 107
14 19
33 182
32 89
3 29
21 105
37 160
40 134
36 152
60175 60210
26 199
22 34
15 193
36 135
36 64
28 182
28 150
20 63
44 100
60229 60261
38 118
15 119
19 34
32 88
39 132
36 185
40 68
22 31
45 78
60288 60292
18 157
60315 60324
18 154
16 54
25 65
1 164
30 109
12 139
44 60
19 78
60347 60400
60416 60431
39 134
20 88
22 113
29 103
4 66
29 78
37 207
60452 60479
40 143
9 49
60507 60538
44 69
60553 60561
60579 60645
60666 60687
45 64
22 105
11 108
60706 60783
60796 60838
36 194
35 100
44 85
2 132
16 122
18 180
10 95
30 57
18 78
60868 60974
11 78
28 133
2 103
19 207
14 168
41 95
37 148
13 196
60999 61028
18 123
7 90
61057 61167
27 142
2 81
61183 61283
13 134
25 48
61309 61339
44 50
61350 61408
8 145
61427 61448
30 185
15 103
43 101
61463 61484
39 165
43 201
61504 61517
61527 61547
61573 61584
27 106
44 59
31 112
45 108
36 154
61600 61668
43 142
45 157
41 148
61689 61692
26 28
45 55
27 96
43 183
61703 61765
45 76
8 78
13 43
35 55
8 38
22 198
33 75
34 89
61782 61889
28 100
2 28
16 82
39 150
61917 62059
41 50
31 59
11 40
26 96
45 74
1 18
62077 62080
25 80
44 77
39 121
32 208
35 183
62096 62098
13 137
5 105
62108 62182
27 163
9 113
43 104
45 139
42 123
44 180
62205 62231
46 142
3 134
62251 62300
46 126
7 44
12 93
28 184
31 71
7 36
18 64
62314 62392
30 98
62407 62458
23 112
44 56
4 84
30 182
19 23
4 86
3 30
44 55
62483 62559
27 158
12 76
8 164
31 51
29 122
17 65
46 48
10 63
35 90
62572 62587
62598 62624
35 195
62650 62660
46 124
6 86
24 94
8 83
14 27
30 96
43 98
62684 62735
22 98
2 106
15 54
62759 62858
20 128
39 118
7 75
26 170
46 164
62883 62999
39 96
37 75
63029 63138
22 86
1 110
46 141
4 195
9 196
33 83
40 121
29 91
41 111
63149 63209
23 96
29 43
7 140
28 86
36 123
42 69
38 131
21 134
20 75
63228 63286
46 71
4 154
21 76
29 155
13 46
4 82
35 73
45 136
63301 63441
15 197
40 164
63461 63483
63493 63671
63686 63739
35 53
63766 63793
43 111
10 91
27 129
31 102
18 119
4 72
44 76
25 95
45 84
63808 63826
19 159
12 170
11 60
63848 63856
2 133
63868 63876
38 98
8 156
21 77
3 82
44 54
37 164
8 72
25 69
63886 63898
26 58
41 73
63910 63918
36 136
17 94
17 99
11 88
39 48
14 136
21 174
63936 63938
29 105
34 123
44 67
26 88
28 90
37 78
30 92
44 114
34 97
63960 63984
44 122
22 87
9 73
12 41
22 49
15 150
15 171
45 163
63994 64028
17 41
4 12
64044 64084
38 193
28 70
64114 64145
41 112
43 70
44 47
34 106
33 140
4 127
30 159
32 127
64165 64208
26 215
64233 64258
30 115
39 91
31 92
64282 64304
13 77
22 102
29 118
29 53
64326 64488
4 147
27 39
28 116
64498 64617
5 123
36 55
11 95
37 124
21 26
64647 64673
18 29
64701 64720
46 115
44 49
43 50
16 135
36 175
8 93
45 90
12 107
46 56
64735 64746
26 166
27 107
36 93
29 64
45 217
43 103
42 94
2 119
64766 64776
46 49
37 61
27 174
30 146
26 44
64792 64819
5 179
35 63
16 75
16 163
64837 64889
64901 64903
42 86
28 73
26 183
43 129
42 159
46 137
46 61
64925 65003
12 120
18 159
30 171
4 200
41 202
14 93
2 26
27 113
65028 65126
2 125
65141 65217
10 41
45 147
40 133
9 166
23 50
27 143
46 151
35 123
65233 65238
33 102
17 178
36 51
11 145
15 68
45 155
12 117
24 125
11 140
65264 65275
2 105
45 214
4 119
29 188
65288 65290
12 51
13 114
29 191
65301 65320
22 123
65349 65400
42 151
43 66
40 130
15 118
65419 65443
13 69
65472 65501
25 130
46 52
65525 65543
28 141
43 94
7 61
8 46
47 114
65554 65720
24 68
34 99
42 55
8 32
30 192
2 59
47 117
21 47
34 158
65730 65825
6 35
10 100
65849 65861
47 98
40 154
24 142
15 82
24 175
4 155
35 102
65890 65892
65922 65996
26 168
42 81
44 62
66021 66068
33 112
31 118
18 42
66095 66127
45 89
22 71
6 96
45 87
45 226
66144 66178
43 148
21 60
18 104
15 134
66190 66207
17 173
23 92
33 70
45 51
30 79
66230 66306
16 132
43 117
16 125
66331 66465
18 170
66490 66586
66609 66730
30 173
19 121
31 53
2 139
3 102
33 95
19 51
44 126
66752 66776
2 104
22 138
40 234
30 113
20 59
32 87
35 84
66794 66829
14 190
47 209
23 91
33 61
29 102
45 50
21 53
66846 66871
44 65
42 71
14 119
11 56
66894 66910
66921 66929
17 137
41 116
30 67
12 87
66945 66952
6 125
47 95
7 58
66977 67066
21 100
43 190
13 26
67077 67175
5 43
24 107
23 84
16 88
16 203
15 74
45 69
9 162
43 115
67200 67229
35 130
47 128
12 28
67248 67266
5 183
7 158
43 175
15 86
67290 67299
4 98
1 162
16 205
35 69
23 102
46 63
13 164
67318 67428
31 128
47 102
5 110
9 56
46 70
17 72
38 155
67440 67568
24 34
46 104
19 104
2 68
67586 67721
67732 67751