1 51
103 114
24 87
39 152
37 120
37 166
77 107
112 121
45 78
60 88
38 109
3 28
151 168
20 56
40 97
39 125
11 77
41 43
12 110
182 302
37 171
49 199
14 52
7 82
28 102
35 108
27 109
42 52
328 379
46 134
13 27
45 165
47 151
38 133
32 36
8 157
46 91
395 408
27 31
27 109
421 520
11 98
1 142
27 54
45 48
7 28
44 91
25 66
16 115
36 122
550 567
50 108
33 83
48 78
42 140
22 77
22 179
591 596
40 186
38 100
19 33
23 42
13 18
17 26
607 718
744 747
8 63
41 60
2 13
761 840
853 879
17 65
45 60
28 86
2 111
26 74
45 132
908 926
21 89
42 118
49 65
39 84
40 64
944 950
33 42
20 44
33 44
17 97
17 152
18 30
2 50
6 45
961 1033
3 23
31 132
13 37
25 53
22 49
36 53
1053 1090
33 155
44 78
29 69
1107 1118
40 50
15 72
4 51
7 85
17 36
9 125
21 37
19 115
1135 1268
10 33
27 49
43 58
40 57
30 127
13 100
11 100
16 28
1297 1321
44 49
41 54
27 93
7 15
17 20
5 97
17 72
1340 1402
31 35
13 199
39 113
42 92
1430 1501
1 17
34 77
42 152
1520 1543
14 17
42 52
40 43
1569 1628
39 43
37 59
33 119
22 77
2 11
21 67
21 98
25 59
1651 1806
26 39
17 37
1 125
1824 1935
35 61
1956 2064
10 100
3 18
42 129
9 45
7 111
2082 2133
26 39
24 37
2146 2183
14 66
30 74
41 80
3 161
29 140
20 166
21 62
10 103
2203 2222
30 65
9 86
2244 2274
17 44
20 31
16 60
43 94
2289 2317
27 77
20 47
36 47
4 55
2330 2456
28 35
2475 2562
6 13
24 83
28 92
29 39
12 14
13 39
2591 2632
13 115
2662 2679
3 73
37 54
12 104
2695 2702
35 82
41 190
3 123
33 51
4 64
2717 2842
22 182
38 88
20 67
16 52
40 53
32 34
2869 2912
41 120
33 74
42 56
27 90
42 49
23 58
2936 2951
44 135
40 42
35 210
30 115
24 153
35 102
14 99
1 24
2971 3030
8 134
42 166
19 188
27 33
36 42
22 113
3054 3147
12 88
36 49
22 24
3167 3171
3181 3193
13 36
13 148
10 26
8 13
32 178
3210 3232
8 48
34 53
3258 3294
32 81
24 26
17 30
15 76
18 55
3316 3343
24 114
8 14
12 36
3361 3508
20 60
42 51
16 148
14 35
33 133
27 101
3536 3570
20 29
27 63
3586 3596
25 186
3615 3640
8 27
17 31
14 29
3 24
15 53
5 55
3 92
4 10
16 25
3654 3747
27 100
32 40
33 101
9 97
30 138
32 69
37 94
29 54
3765 3811
37 41
29 35
32 45
30 44
1 59
3831 3855
20 39
16 30
22 63
32 34
3882 4014
28 41
5 15
35 170
39 55
4030 4126
4151 4323
16 50
4 10
28 68
8 84
4340 4370
26 58
4390 4488
22 42
24 54
28 88
37 80
9 89
4504 4528
14 22
17 71
38 81
22 72
4 29
31 54
4547 4613
16 29
3 84
4 86
14 40
33 75
4 111
39 180
4627 4666
9 20
2 31
30 129
4692 4844
29 193
18 84
4855 4974
2 9
17 43
28 103
2 79
1 10
11 149
5002 5035
7 44
15 83
4 8
38 45
21 46
5046 5100
38 52
3 12
34 62
21 59
32 50
5116 5211
5234 5343
33 57
36 85
20 123
39 83
23 40
1 73
12 53
25 30
24 173
5370 5380
19 31
23 60
5 12
5393 5507
31 82
2 5
19 30
21 36
25 79
29 36
30 178
35 191
5531 5534
1 79
5557 5570
34 73
5582 5659
32 52
39 181
38 53
5688 5702
5727 5804
7 28
24 38
30 178
25 46
5825 5877
2 39
24 29
39 133
5 32
12 51
36 92
2 10
34 53
6 62
5894 5910
22 31
13 175
38 134
25 53
28 78
6 37
32 43
5927 5962
8 16
24 66
29 169
4 89
5972 6065
9 95
30 77
22 34
14 27
2 70
35 102
19 157
1 18
6082 6170
16 32
35 121
9 54
31 39
12 60
22 110
6182 6290
6309 6333
16 19
25 27
29 101
6362 6465
35 47
23 31
16 22
8 77
25 113
22 46
3 11
6486 6526
11 78
14 21
32 181
5 74
5 30
15 70
26 55
6554 6612
32 129
25 30
6634 6683
18 69
28 34
6706 6748
13 127
33 77
25 40
24 28
6776 6797
24 49
3 14
15 91
20 50
7 27
6 59
34 53
14 19
34 37
6821 6849
3 21
27 88
35 125
33 42
33 38
6879 6892
4 71
2 44
15 31
7 33
33 121
2 23
6902 6998
2 33
7018 7037