1 155
142 314
178 212
190 263
89 228
112 278
84 207
17 192
108 281
92 224
182 201
146 211
195 315
207 270
64 103
49 105
54 89
59 110
98 105
101 184
90 110
90 104
288 435
15 21
87 160
46 60
73 224
448 456
64 80
86 181
43 164
89 238
29 41
53 71
466 545
43 51
24 43
31 33
19 63
30 63
574 594
607 658
7 60
59 147
22 165
6 27
688 691
719 758
29 53
36 164
34 89
11 18
50 203
33 231
770 908
30 190
27 68
9 76
5 56
54 251
29 169
17 40
920 961
59 118
22 185
55 80
31 37
20 130
52 170
24 159
27 32
986 1087
30 35
10 19
16 45
30 81
1113 1118
10 42
1147 1287
6 28
27 76
40 44
17 57
1315 1343
7 62
33 40
26 176
6 30
18 40
1368 1482
14 99
1508 1512
9 113
1542 1682
17 174
42 136
13 123
7 31
19 23
1 94
1702 1758
18 123
32 136
24 66
21 82
37 116
38 133
1786 1792
30 69
1 8
32 78
20 33
14 33
1806 1910
22 47
31 111
26 29
1937 2021
22 162
23 113
2046 2214
5 17
12 100
19 30
38 106
3 5
37 100
37 59
2242 2270
31 90
26 83
6 56
2 40
8 14
2280 2308
26 57
2328 2371
5 46
11 28
11 16
16 67
29 46
35 97
39 70
7 28
23 54
2401 2466
7 32
2478 2610
2629 2642
39 126
24 99
35 41
27 135
21 49
26 105
25 107
4 68
2664 2763
24 52
10 103
40 98
40 50
23 79
3 33
2776 2864
25 141
6 17
2887 2900
27 100
28 129
2921 2971
38 62
33 112
16 87
19 66
1 58
35 107
7 20
40 96
17 21
2993 2997
34 60
39 50
36 103
5 15
37 50
3009 3114
3136 3180
2 7
3209 3218
34 52
21 23
34 153
10 34
29 60
1 5
3236 3392
10 39
3421 3431
3457 3466
22 28
36 121
20 35
3481 3520
5 96
22 156
25 95
3538 3577
15 33
6 22
29 55
37 134
10 21
33 99
15 41
25 78
37 64
3599 3620
15 20
3638 3701
5 68
25 124
3713 3732
23 30
30 45
27 56
38 41
28 117
5 126
3746 3766
21 136
39 112
37 165
40 171
29 70
26 114
3795 3858
16 69
14 84
37 63
17 19
1 4
15 150
33 43
6 57
3875 3878
9 125
4 13
11 196
31 113
3906 3937
39 106
8 11
20 175
3950 4091
10 34
1 80
27 36
26 36
28 169
28 117
4108 4125
30 113
31 195
37 39
9 48
18 30
4 52
30 42
4149 4237
4256 4285
19 132
16 55
4301 4429
23 36
33 66
8 27
11 13
9 26
23 40
12 41
16 19
39 137
4447 4545
20 82
8 13
4560 4606
39 59
39 57
28 101
25 112
31 62
4618 4782
2 102
33 49
35 211
14 67
30 34
38 54
27 43
4805 4852
4 8
4864 4873
4895 4925
4951 5047
35 77
19 37
5 26
7 31
15 137
14 17
23 25
12 18
5060 5101
21 46
31 91
5123 5129
26 42
9 34
21 32
3 9
3 110
5147 5221
23 45
34 45
15 109
16 24
21 88
5249 5350
36 66
14 16
24 166
31 43
24 155
16 21
16 28
13 53
5375 5441
19 60
5470 5592
20 28
10 23
2 17
14 101
23 27
5604 5606
9 26
25 70
8 25
5629 5689
7 95
32 119
3 17
16 178
17 23
5706 5765
4 91
5776 5794
23 35
29 57
19 103
6 43
21 160
13 84
33 61
5808 5893
16 59
18 45
30 45
11 32
14 22
26 73
5915 6026
6056 6178
11 41
20 35
3 105
6 97
33 60
22 30
13 74
21 114
24 27
6202 6264
16 26
11 154
29 220
6288 6404
1 156
19 32
29 113
33 38
19 36
28 109
22 38
6423 6557
30 165
6571 6621
6 32
26 128
5 26
22 74
14 26
6641 6666
32 69
21 52
28 73
5 27
9 100
6694 6721
18 25
7 105
24 48
7 15
22 80
2 31
18 23
28 81
6749 6817
20 104
6840 6849
24 142
17 171
14 43
11 27
22 35
6860 6902
26 44
8 10
13 42
24 98
9 82
19 48
6926 6951
24 40
31 36
4 31
6972 7056
7 12
1 36
24 55
16 37
17 52
7076 7093
17 60
18 34
6 33
2 34
19 114
27 59
7120 7125
1 63
33 117
7142 7202
31 42
6 126
26 141
21 70
7225 7281
23 45
18 26
2 95
17 42
7311 7410
2 12
21 80
1 86
25 96
7433 7472
9 107
7484 7595
17 89
15 19
1 13
4 60
20 58
28 60
22 80
21 165
7 71
7615 7678
5 53
4 50
14 23
6 35
28 53
7699 7718
11 52
6 74
5 34
18 29
23 201
4 188
18 123
7738 7764
7783 7812
33 64
31 89
7840 7867
5 43
22 86
7886 7894
6 68
29 33
14 37
2 39
3 70
16 21
28 33
19 86
7 26
7920 7966
1 68
10 102
12 42
7990 8089
8113 8237
10 73
5 11
14 35
7 40
30 70
27 179
2 138
14 50
8266 8329
2 21
5 89
9 39
23 33
12 14
21 89
8357 8417
6 42
26 35
16 66
8 102
8433 8531
31 52
4 102
10 67
3 121
16 27
27 72
19 45
26 38
8549 8574
2 17
8588 8591
30 63
8616 8625
13 41
22 44
31 85
33 68
3 19
30 65
25 112
7 66
8649 8710
24 95
25 35
23 128
33 144
4 97
28 39
25 64
8724 8819
31 131
20 121
26 66
20 58
8832 8868
24 30
14 82
3 105
10 43
18 53
32 57
8886 8919
32 43
19 161
4 71
4 175
25 51
11 61
11 16
8947 8996
22 40
28 78
20 134
19 31
1 13
21 113
9024 9051
27 152
9070 9099
11 144
30 71
28 37
9116 9132
5 30
4 10
27 33
19 90
5 37
34 78
8 66
21 173
9156 9239
9264 9324
32 169
17 68
22 48
8 23
10 67
28 42
34 39
16 59
9354 9404
30 59
9414 9537
5 48
30 131
9548 9550
3 117
23 143
35 74
9 19
9568 9585
16 118
16 28
9614 9647
18 37
4 12
13 25
9666 9737
26 85
10 121
23 82
9766 9809
3 34
9827 9894
23 61
6 40
8 108
17 44
2 138
9919 9986
26 158
28 31
2 72
9997 10149
10172 10208
27 68
30 46
4 58
21 36
11 115
25 53
10 96
32 73
33 70
10220 10328
5 89
18 31
5 86
15 51
35 128
11 94
32 40
10 74
24 69
10340 10371
10393 10422
11 84
32 167
4 12
10437 10611
10631 10645
8 27
10673 10707
19 63
9 41
14 62
25 45
18 95
11 78
3 27
27 115
10731 10813
2 27
32 56
21 29
14 75
26 38
24 136
10837 10981
21 85
23 56
30 82
10 65
6 66
19 46
5 82
10994 11118
6 32
31 48
34 130
11134 11279
13 150
2 109
13 180
3 52
24 146
11303 11310
31 125
20 141
9 17
18 50
11 155
9 87
11333 11424
4 72
28 35
9 114
11448 11533
3 64
14 28
16 23
11546 11630
29 140
27 65
16 86
19 41
4 54
29 74
30 124
3 11
11651 11671
9 17
7 77
29 40
19 54
22 58
13 23
11695 11702
11727 11742
11 31
11753 11800
2 139
27 57
13 99
11815 11843
1 8
8 31
11861 11896
11914 11916
7 77
16 21
2 62
15 79
12 16
27 96
2 18
11937 11951
32 60
33 53
11 18
2 98
32 43
18 128
13 18
16 39
10 54
11976 11979
8 112
34 47
25 54
23 67
29 47
13 30
33 63
12004 12014
12042 12094
22 147
35 57
13 33
5 58
22 124
25 48
12124 12183
17 75
27 85
7 129
13 160
5 78
34 52
12205 12230
20 145
12251 12356
13 73
3 97
12 70
29 89
14 27
23 35
11 171
25 137
12377 12416
26 119
13 49
21 42
9 163
15 21
18 102
29 31
12427 12445
14 126
28 44
18 84
24 32
17 205
1 22
12468 12485
16 24
33 62
26 43
24 110
12509 12549
3 161
17 72
17 102
28 78
14 65
3 56
12578 12596
25 100
9 21
5 30
5 48
34 64
22 162
9 66
13 148
19 26
12608 12686
4 14
7 117
17 91
10 51
33 77
4 81
19 66
26 35
12711 12784
22 69
6 16
6 20
4 103
27 115
30 52
12810 12873
17 36
11 112
15 158
26 73
10 33
12883 13029
27 32
25 69
16 18
6 32
13052 13143
9 75
32 56
35 49
6 103
13173 13250
11 13
9 24
1 33
11 27
28 62
7 28
1 149
27 129
31 169
13268 13299
4 36
33 120
12 158
13314 13340
8 124
13362 13411
31 55
13430 13440
13467 13479
35 39
13508 13539
16 125
8 131
3 21
29 121
2 9
33 44
34 47
25 83
30 204
13569 13665
2 6
3 32
35 135
28 65
13 17
13675 13708
16 107
13736 13780
16 66
28 53
22 129
11 24
28 187
32 63
3 10
5 68
26 129
13796 13817
16 115
31 75
33 114
3 129
13835 13849
17 132
17 124
34 72
13863 13965
22 34
7 34
13979 14102
10 19
10 30
26 72
31 33
14113 14161
7 73
1 5
4 22
8 40
14179 14195
5 98
29 37
21 56
18 73
15 41
14205 14282
14 44
18 94
18 79
14312 14378
34 79
8 22
25 30
17 107
14397 14457
16 23
35 58
14485 14554
19 30
1 60
14570 14634
32 41
34 176
4 117
34 68
33 48
14664 14675
6 17
15 68
8 56
31 123
14705 14835
21 38
22 69
27 75
14861 14880
33 155
34 45
14894 14903
14928 14989
16 40
20 53
8 10
19 21
35 122
16 54
15018 15041
4 86
15062 15153