1 63
149 260
146 314
57 195
134 187
102 257
19 100
59 153
86 164
184 202
83 112
35 114
41 43
35 126
29 61
61 198
3 43
13 101
216 238
263 283
30 56
15 33
300 388
3 15
2 12
13 182
25 140
28 181
10 42
31 93
3 68
36 129
406 542
42 76
12 90
36 138
15 89
569 728
36 57
8 76
756 842
56 85
36 91
55 62
56 110
2 66
2 108
24 75
855 877
40 42
7 13
26 74
39 41
32 118
39 123
34 100
892 930
7 59
34 142
47 114
11 110
36 56
50 110
950 1042
51 55
18 20
3 88
43 56
12 100
44 55
32 77
1071 1095
15 33
21 27
13 33
9 22
15 129
31 75
26 29
36 161
14 124
1105 1114
32 134
36 171
1 62
14 126
2 40
30 74
37 50
1132 1148
4 95
11 202
13 126
24 58
21 73
1174 1299
1309 1341
21 75
12 42
39 74
1355 1405
1424 1453
34 58
19 163
38 152
48 98
17 73
41 180
1 86
7 52
14 114
1465 1513
37 97
1 27
44 102
47 91
39 119
2 45
9 14
34 95
1541 1543
1 80
20 197
1567 1599
20 45
10 20
13 22
1621 1796
28 30
7 56
31 56
2 77
42 155
40 125
1809 1828
7 81
11 79
27 50
1 3
41 111
35 73
31 122
42 65
31 168
1856 1867
5 27
1 3
24 200
17 113
30 98
20 43
32 48
6 14
1884 1907
27 198
23 35
34 73
19 89
3 134
37 55
15 89
1920 2047
29 74
29 66
42 50
38 88
8 44
2071 2088
29 32
23 55
40 112
11 109
2 21
2099 2103
1 15
16 30
35 53
17 71
17 22
26 127
33 98
31 43
2118 2185
9 77
30 94
23 128
2205 2244
31 66
40 65
18 82
42 74
9 169
36 121
2 109
2271 2287
34 141
15 143
4 10
10 90
40 49
9 53
7 53
27 129
29 70
2306 2320
32 75
10 19
23 46
13 27
2331 2338
8 58
31 62
3 75
21 62
25 79
40 106
33 55
2368 2413
20 185
40 54
33 178
25 185
3 35
8 49
6 135
39 96
32 53
2440 2465
22 69
10 29
7 15
32 187
2491 2634
40 88
32 36
6 70
20 26
19 79
28 36
2662 2706
14 43
17 24
29 64
2730 2771
35 52
3 25
36 127
27 100
18 30
40 86
2801 2820
2832 2883
38 46
23 143
20 136
41 56
10 29
5 15
2896 2912
14 32
37 90
40 52
9 99
16 52
2925 3008
5 56
32 49
22 52
3022 3081
22 29
3109 3159
11 133
9 17
5 62
29 47
10 45
34 37
3174 3192
25 34
3214 3216
29 46
29 145
5 104
3232 3273
27 46
9 11
14 59
3296 3360
10 12
8 99
19 73
14 27
3385 3469
3492 3499
25 37
30 32
30 100
35 141
36 56
3518 3579