1 3
4 10
18 20
21 27
28 30
32 36
39 41
42 50
51 55
56 85
86 164
184 202
216 238
263 283
300 388
406 542
569 728
756 842
855 877
892 930
950 1042
1071 1095
1105 1114
1132 1148
1174 1299
1309 1341
1355 1405
1424 1453
1465 1513
1541 1543
1567 1599
1621 1796
1809 1828
1856 1867
1884 1907
1920 2047
2071 2088
2099 2103
2118 2185
2205 2244
2271 2287
2306 2320
2331 2338
2368 2413
2440 2465
2491 2634
2662 2706
2730 2771
2801 2820
2832 2883
2896 2912
2925 3008
3022 3081
3109 3159
3174 3192
3214 3216
3232 3273
3296 3360
3385 3469
3492 3499
3518 3579
