2 5
6 13
14 17
22 24
25 27
32 34
37 41
45 48
49 65
77 107
112 121
151 168
182 302
328 379
395 408
421 520
550 567
591 596
607 718
744 747
761 840
853 879
908 926
944 950
961 1033
1053 1090
1107 1118
1135 1268
1297 1321
1340 1402
1430 1501
1520 1543
1569 1628
1651 1806
1824 1935
1956 2064
2082 2133
2146 2183
2203 2222
2244 2274
2289 2317
2330 2456
2475 2562
2591 2632
2662 2679
2695 2702
2717 2842
2869 2912
2936 2951
2971 3030
3054 3147
3167 3171
3181 3193
3210 3232
3258 3294
3316 3343
3361 3508
3536 3570
3586 3596
3615 3640
3654 3747
3765 3811
3831 3855
3882 4014
4030 4126
4151 4323
4340 4370
4390 4488
4504 4528
4547 4613
4627 4666
4692 4844
4855 4974
5002 5035
5046 5100
5116 5211
5234 5343
5370 5380
5393 5507
5531 5534
5557 5570
5582 5659
5688 5702
5727 5804
5825 5877
5894 5910
5927 5962
5972 6065
6082 6170
6182 6290
6309 6333
6362 6465
6486 6526
6554 6612
6634 6683
6706 6748
6776 6797
6821 6849
6879 6892
6902 6998
7018 7037
