1 4
8 10
11 13
14 16
17 19
21 23
24 27
28 31
33 38
40 44
46 60
64 80
90 104
182 201
207 270
288 435
448 456
466 545
574 594
607 658
688 691
719 758
770 908
920 961
986 1087
1113 1118
1147 1287
1315 1343
1368 1482
1508 1512
1542 1682
1702 1758
1786 1792
1806 1910
1937 2021
2046 2214
2242 2270
2280 2308
2328 2371
2401 2466
2478 2610
2629 2642
2664 2763
2776 2864
2887 2900
2921 2971
2993 2997
3009 3114
3136 3180
3209 3218
3236 3392
3421 3431
3457 3466
3481 3520
3538 3577
3599 3620
3638 3701
3713 3732
3746 3766
3795 3858
3875 3878
3906 3937
3950 4091
4108 4125
4149 4237
4256 4285
4301 4429
4447 4545
4560 4606
4618 4782
4805 4852
4864 4873
4895 4925
4951 5047
5060 5101
5123 5129
5147 5221
5249 5350
5375 5441
5470 5592
5604 5606
5629 5689
5706 5765
5776 5794
5808 5893
5915 6026
6056 6178
6202 6264
6288 6404
6423 6557
6571 6621
6641 6666
6694 6721
6749 6817
6840 6849
6860 6902
6926 6951
6972 7056
7076 7093
7120 7125
7142 7202
7225 7281
7311 7410
7433 7472
7484 7595
7615 7678
7699 7718
7738 7764
7783 7812
7840 7867
7886 7894
7920 7966
7990 8089
8113 8237
8266 8329
8357 8417
8433 8531
8549 8574
8588 8591
8616 8625
8649 8710
8724 8819
8832 8868
8886 8919
8947 8996
9024 9051
9070 9099
9116 9132
9156 9239
9264 9324
9354 9404
9414 9537
9548 9550
9568 9585
9614 9647
9666 9737
9766 9809
9827 9894
9919 9986
9997 10149
10172 10208
10220 10328
10340 10371
10393 10422
10437 10611
10631 10645
10673 10707
10731 10813
10837 10981
10994 11118
11134 11279
11303 11310
11333 11424
11448 11533
11546 11630
11651 11671
11695 11702
11727 11742
11753 11800
11815 11843
11861 11896
11914 11916
11937 11951
11976 11979
12004 12014
12042 12094
12124 12183
12205 12230
12251 12356
12377 12416
12427 12445
12468 12485
12509 12549
12578 12596
12608 12686
12711 12784
12810 12873
12883 13029
13052 13143
13173 13250
13268 13299
13314 13340
13362 13411
13430 13440
13467 13479
13508 13539
13569 13665
13675 13708
13736 13780
13796 13817
13835 13849
13863 13965
13979 14102
14113 14161
14179 14195
14205 14282
14312 14378
14397 14457
14485 14554
14570 14634
14664 14675
14705 14835
14861 14880
14894 14903
14928 14989
15018 15041
15062 15153