1 3
4 6
7 9
10 12
13 15
17 19
20 22
25 27
28 31
32 34
35 38
39 42
44 50
51 53
54 56
59 70
76 92
155 157
204 326
353 460
481 597
612 633
652 812
832 980
998 1067
1081 1094
1118 1156
1171 1187
1210 1251
1266 1381
1396 1404
1423 1480
1497 1566
1595 1611
1625 1759
1777 1813
1828 1923
1941 2008
2036 2178
2189 2205
2231 2297
2324 2387
2402 2447
2459 2514
2527 2549
2576 2640
2664 2672
2693 2833
2845 2900
2912 2995
3007 3160
3182 3250
3276 3376
3398 3460
3480 3619
3643 3678
3705 3786
3800 3805
3818 3840
3851 3871
3884 3949
3971 4046
4070 4086
4113 4256
4271 4419
4443 4460
4475 4587
4606 4705
4718 4724
4736 4757
4778 4795
4821 4841
4871 4881
4910 5020
5039 5047
5057 5216
5232 5253
5275 5359
5371 5463
5486 5515
5532 5554
5582 5691
5704 5750
5777 5873
5883 5922
5944 5990
6004 6118
6139 6179
6204 6290
6317 6368
6380 6558
6587 6596
6610 6675
6701 6713
6742 6760
6776 6853
6868 6902
6922 7012
7032 7109
7138 7141
7156 7246
7267 7352
7369 7380
7390 7534
7559 7592
7603 7614
7637 7651
7664 7751
7780 7784
7806 7856
7873 8009
8033 8146
8173 8192
8219 8269
8297 8396
8421 8428
8451 8528
8556 8582
8599 8649
8676 8700
8715 8821
8837 8852
8875 8981
9002 9025
9042 9093
9103 9110
9136 9186
9203 9263
9293 9357
9380 9382
9400 9432
9449 9587
9602 9607
9633 9733
9750 9795
9817 9829
9857 9878
9892 10042
10069 10076
10095 10177
10206 10295
10318 10445
10472 10504
10520 10530
10546 10726
10754 10776
10798 10860
10874 10897
10913 11015
11025 11142
11169 11194
11217 11248
11263 11425
11442 11444
11471 11480
11507 11538
11553 11636
11652 11781
11795 11832
11851 11977
12006 12033
12046 12049
12059 12195
12209 12327
12343 12349
12378 12394
12421 12441
12452 12519
12534 12559
12570 12591
12602 12662
12676 12738
12749 12799
12816 12834
12847 12960
12990 13026
13051 13065
13086 13090
13101 13111
13130 13282
13312 13417
13445 13518
13529 13546
13570 13580
13610 13637
13655 13683
13694 13785
13812 13843
13871 13930
13946 13951
13976 14085
14095 14129
14151 14186
14202 14350
14360 14403
14432 14485
14495 14502
14529 14649
14679 14695
14717 14755
14777 14816
14837 14852
14874 14896
14926 14931
14947 15018
15045 15086
15098 15166
15185 15330
15356 15457
15473 15501
15523 15647
15675 15732
15759 15796
15826 15878
15897 15910
15938 16051
16062 16145
16167 16282
16296 16300
16314 16354
16370 16488
16518 16628
16642 16673
16700 16828
16858 16926
16955 17081
17099 17103
17117 17170
17185 17193
17217 17222
17234 17359
17372 17391
17420 17543
17555 17653
17680 17813
17841 17895
17910 17922
17936 18000
18029 18079
18100 18197
18217 18256
18266 18300
18330 18349
18374 18428
18440 18464
18486 18594
18621 18632
18643 18686
18708 18752
18774 18815
18826 18931
18961 18964
18987 18994
19020 19053
19075 19110
19136 19217
19247 19313
19328 19371
19382 19432
19452 19542
19571 19728
19754 19767
19787 19797
19816 19824
19843 19847
19863 19927
19939 19966
19996 20097
20126 20168
20189 20237
20263 20286
20316 20323
20340 20387
20416 20428
20439 20485
20499 20506
20518 20631
20646 20655
20679 20688
20703 20759
20775 20910
20939 20967
20995 21033
21045 21159
21187 21266
21280 21369
21393 21451
21464 21555
21584 21703
21722 21783
21808 21938
21960 21992
22003 22046
22074 22158
22179 22182
22194 22211
22226 22248
22271 22277
22306 22324
22348 22426
22439 22558
22579 22602
22627 22636
22654 22736
22762 22772
22790 22800
22821 22857
22877 22942
22959 22978
22994 22998
23023 23046
23059 23077
23092 23173
23199 23288
23313 23342
23354 23391
23408 23437
23467 23552
23577 23626
23650 23685
23715 23805
23815 23875
23889 23912
23936 23962
23985 24110
24127 24149
24163 24167
24186 24241
24265 24305
24322 24334
24352 24378
24408 24479
24505 24509
24531 24657
24673 24761
24785 24877
24892 24897
24909 24970
24995 25039
25066 25153
25176 25224
25239 25269
25284 25352
25381 25544
25560 25621
25631 25689
25701 25710
25730 25776
25787 25887
25908 25996
26025 26134
26154 26293
26311 26398
26423 26491
26515 26544
26573 26615
26635 26649
26663 26839
26861 26981
27006 27073
27085 27122
27146 27310
27322 27356
27375 27500
27526 27533
27552 27660
27687 27806
27827 27875
27896 27919
27935 27954
27984 28050
28060 28086
28114 28152
28166 28194
28221 28353
28383 28404
28425 28495
28510 28518
28540 28544
28556 28559
28572 28586
28611 28676
28697 28730
28754 28808
28818 28826
28850 28988
29001 29041
29057 29069
29088 29108
29124 29166
29192 29204
29219 29254
29281 29306
29322 29335
29350 29367
29397 29428
29451 29496
29512 29576
29595 29623
29649 29735
29763 29815
29845 29917
29937 29946
29960 30031