1 3
4 6
7 9
10 13
14 16
17 19
20 22
24 26
27 29
30 32
33 35
36 38
39 41
43 45
46 48
54 58
71 79
86 101
146 209
315 399
410 415
430 434
446 458
487 543
556 693
715 871
889 942
955 972
985 1033
1062 1145
1167 1213
1242 1375
1385 1513
1543 1563
1584 1591
1603 1615
1632 1709
1724 1742
1757 1831
1853 1860
1885 1995
2014 2081
2104 2172
2195 2214
2226 2243
2270 2322
2347 2396
2406 2408
2438 2483
2498 2501
2524 2596
2615 2617
2644 2731
2756 2770
2799 2851
2864 3055
3076 3092
3114 3138
3148 3296
3310 3469
3484 3548
3566 3645
3665 3736
3749 3862
3875 3900
3923 3956
3982 4118
4131 4196
4214 4219
4247 4270
4285 4376
4402 4440
4465 4486
4496 4605
4618 4726
4742 4746
4773 4777
4799 4852
4863 4903
4931 4984
5000 5006
5024 5027
5054 5132
5153 5173
5186 5231
5252 5264
5275 5286
5304 5434
5459 5468
5484 5504
5528 5534
5557 5580
5599 5605
5626 5746
5756 5925
5942 6095
6118 6124
6152 6167
6194 6271
6294 6374
6402 6436
6453 6487
6517 6545
6575 6610
6625 6637
6660 6772
6791 6803
6819 6829
6856 7041
7060 7182
7195 7244
7256 7328
7339 7424
7448 7457
7477 7546
7574 7602
7616 7729
7759 7825
7853 7875
7886 7918
7942 7955
7985 8074
8094 8174
8202 8210
8224 8239
8251 8266
8296 8420
8442 8580
8608 8700
8716 8720
8730 8797
8809 8813
8830 8877
8901 8943
8970 9026
9037 9068
9086 9175
9203 9289
9309 9335
9348 9459
9477 9480
9507 9667
9689 9787
9802 9811
9828 9870
9897 9914
9931 10033
10063 10220
10244 10247
10272 10362
10382 10481
10509 10531
10551 10562
10577 10586
10612 10614
10641 10673
10687 10736
10762 10865
10886 10967
10977 11021
11049 11053
11069 11158
11188 11259
11279 11324
11342 11350
11367 11546
11569 11622
11650 11662
11686 11688
11715 11731
11759 11863
11878 11937
11965 12009
12020 12087
12102 12128
12156 12250
12279 12281
12305 12328
12357 12418
12429 12442
12469 12561
12573 12750
12780 12809
12839 13000
13025 13041
13067 13116
13133 13141
13163 13206
13225 13253
13268 13332
13350 13366
13394 13407
13423 13608
13631 13711
13738 13864
13874 13900
13928 14036
14065 14139
14159 14273
14298 14307
14331 14400
14417 14468
14481 14555
14574 14591
14620 14728
14753 14790
14807 14931
14955 14981
15002 15023
15045 15133
15153 15182
15197 15303
15330 15337
15365 15465
15490 15496
15510 15534
15557 15592
15622 15655
15669 15678
15695 15755
15784 15813
15840 15925
15953 15999
16010 16058
16068 16093
16116 16146
16167 16248
16276 16281
16300 16304
16320 16331
16355 16403
16421 16566
16576 16593
16603 16654
16673 16718
16742 16765
16792 16800
16812 16820
16834 16908
16919 16931
16948 16993
17014 17017
17040 17060
17079 17105
17133 17180
17202 17220
17235 17256
17285 17408
17437 17552
17570 17590
17620 17705
17722 17836
17861 17917
17945 18044
18073 18099
18112 18166
18179 18216
18227 18299
18310 18478
18490 18499
18512 18567
18593 18691
18712 18755
18785 18796
18816 18860
18878 18973
18985 19096
19109 19175
19187 19259
19282 19329
19348 19360
19372 19387
19410 19443
19473 19535
19547 19561
19585 19616
19632 19681
19694 19825
19848 19932
19942 19959
19972 19990
20008 20032
20052 20135
20159 20212
20234 20257
20275 20402
20417 20473
20492 20582
20592 20618
20641 20669
20680 20756
20777 20824
20842 20996
21014 21035
21058 21095
21118 21193
21216 21249
21275 21391
21414 21490
21516 21545
21561 21581
21593 21652
21664 21743
21764 21838
21863 21979
22000 22040
22061 22116
22133 22174
22184 22223
22243 22248
22270 22300
22326 22355
22376 22495
22518 22549
22564 22658
22677 22717
22737 22803
22821 22857
22883 23010
23038 23070
23098 23119
23143 23167
23191 23378
23400 23488
23515 23527
23544 23560
23581 23583
23593 23615
23630 23635
23647 23670
23681 23847
23868 23944
23956 24056
24085 24158
24188 24218
24228 24230
24258 24271
24292 24324
24346 24359
24381 24390
24403 24415
24435 24472
24501 24511
24536 24562
24583 24607
24635 24706
24718 24781
24807 24839
24865 24870
24882 24924
24942 25013
25031 25039
25069 25142
25172 25327
25345 25352
25377 25473
25486 25513
25539 25550
25570 25733
25750 25805
25829 25927
25943 25996
26022 26040
26065 26139
26168 26199
26219 26272
26285 26359
26379 26496
26525 26589
26608 26663
26685 26850
26873 26877
26903 26921
26949 27038
27057 27096
27118 27159
27186 27356
27382 27496
27514 27552
27576 27586
27603 27623
27645 27734
27749 27787
27797 27858
27869 27900
27930 27939
27956 27966
27981 28038
28052 28063
28080 28121
28136 28146
28167 28235
28253 28412
28422 28525
28548 28579
28590 28692
28712 28775
28792 28851
28867 28876
28899 28910
28925 28966
28983 29003
29020 29036
29054 29062
29087 29164
29174 29219
29244 29297
29310 29378
29406 29480
29503 29515
29540 29615
29628 29642
29660 29693
29720 29762
29782 29792
29822 29912
29942 29948
29965 30079
30092 30159
30183 30264
30286 30315
30330 30392
30418 30471
30490 30618
30636 30700
30722 30782
30792 30797
30810 30864
30881 31017
31030 31186
31205 31359
31389 31402
31416 31438
31462 31465
31479 31647
31677 31745
31765 31840
31859 31878
31908 32020
32046 32055
32074 32118
32130 32218
32244 32253
32268 32281
32299 32329
32342 32344
32373 32384
32409 32429
32459 32538
32566 32600
32616 32782
32806 32872
32885 32943
32960 33005
33026 33070
33090 33189
33204 33208
33236 33350
33364 33502
33532 33539
33560 33606
33633 33644
33662 33684
33694 33779
33799 33898
33909 33917
33938 33981
34004 34033
34048 34114
34136 34193
34218 34259
34287 34290
34300 34303
34322 34327
34346 34353
34377 34407
34417 34458
34488 34504
34516 34545
34567 34610
34634 34670
34684 34703
34721 34768
34779 34809
34823 34853
34880 34952
34969 34972
34986 35090
35102 35168
35178 35196
35226 35326
35336 35366
35383 35432
35450 35519
35546 35588
35608 35669
35686 35688
35706 35708
35727 35801
35817 35842
35862 35922
35941 35973
35987 36015
36035 36163
36186 36221
36232 36259
36274 36319
36346 36365
36381 36422
36432 36538
36554 36597
36607 36646
36662 36720
36744 36747
36773 36806
36833 36838
36852 36952
36972 37043
37067 37175
37189 37217
37231 37237
37262 37427
37442 37448
37461 37573
37600 37631
37657 37733
37762 37902
37927 37942
37964 38008
38022 38028
38047 38091
38114 38170
38193 38266
38291 38358
38381 38399
38409 38429
38458 38629
38643 38709
38726 38785
38809 38823
38846 38931
38942 38961
38988 38992
39017 39155
39182 39201
39224 39254
39274 39277
39307 39323
39337 39349
39374 39427
39448 39464
39492 39503
39522 39555
39584 39609
39624 39744
39773 39800
39827 39946
39960 39985
40012 40156
40175 40186
40207 40214
40226 40298
40315 40320
40340 40426
40448 40615
40639 40680
40693 40702
40720 40883
40900 40945
40970 41094
41106 41126
41149 41183
41194 41206
41216 41258
41268 41322
41348 41360
41378 41405
41435 41440
41453 41465
41484 41624
41644 41809
41837 41972
41982 42124
42144 42178
42203 42265
42280 42289
42311 42431
42459 42471
42485 42666
42677 42693
42705 42787
42817 42890
42916 42926
42950 42979
42991 43027
43055 43153
43169 43190
43201 43207
43218 43232
43247 43255
43273 43311
43326 43398
43421 43466
43487 43494
43514 43569
43587 43731
43757 43777
43798 43831
43854 43940
43967 44013
44030 44042
44068 44154
44174 44192
44210 44226
44240 44364
44385 44397
44413 44477
44503 44563
44592 44664
44676 44682
44699 44735
44750 44754
44775 44781
44811 44827
44855 44857
44873 44888
44902 44943
44971 44997
45007 45117
45137 45303
45327 45459
45471 45622
45634 45661
45673 45719
45730 45865
45894 45906
45926 45941
45968 45995
46018 46160
46187 46231
46251 46372
46396 46462
46476 46541
46555 46575
46585 46664
46682 46694
46715 46737
46751 46762
46789 46808
46832 46963
46974 47060
47070 47077
47103 47154
47168 47310
47321 47470
47483 47570
47580 47621
47638 47726
47753 47792
47809 47856
47876 47893
47916 47937
47953 48066
48082 48101
48121 48163
48191 48193
48214 48243
48268 48341
48365 48440
48462 48472
48487 48568
48597 48685
48700 48712
48725 48747
48758 48771
48794 48838
48850 48899
48925 49000
49029 49039
49064 49107
49121 49159
49176 49224
49239 49331
49357 49482
49503 49562
49575 49617
49627 49768
49778 49909
49931 49952
49963 50009
50037 50044
50065 50128
50145 50170
50196 50259
50289 50298
50322 50327
50353 50380
50399 50441
50451 50509
50530 50669
50694 50702
50730 50753
50778 50937
50959 51030
51057 51106
51133 51220
51242 51253
51275 51303
51320 51361
51390 51459
51483 51528
51551 51555
51581 51613
51640 51686
51707 51856
51885 51902
51916 51935
51948 51985
51996 52140
52156 52173
52195 52210
52240 52273
52290 52374
52388 52395
52416 52440
52461 52478
52494 52509
52525 52542
52571 52618
52645 52814
52841 52902
52926 52986
53015 53024
53043 53109
53136 53214
53232 53276
53304 53384
53410 53557
53575 53580
53603 53626
53639 53647
53668 53713
53732 53753
53780 53885
53899 53920
53950 53986
54002 54007
54033 54040
54063 54198
54208 54216
54243 54284
54304 54494
54524 54659
54674 54683
54699 54712
54724 54793
54822 54874
54887 54983
55009 55128
55156 55166
55192 55223
55241 55339
55355 55499
55517 55543
55563 55566
55593 55608
55626 55678
55702 55750
55777 55877
55902 56038
56057 56093
56111 56286
56296 56340
56368 56417
56428 56439
56457 56562
56582 56712
56732 56794
56817 56847
56871 56954
56977 57102
57125 57245
57262 57284
57314 57356
57372 57393
57405 57480
57497 57538
57565 57613
57626 57631
57647 57764
57779 57794
57822 57824
57835 57901
57911 58054
58076 58125
58148 58154
58177 58185
58213 58342
58355 58412
58441 58586
58600 58653
58664 58785
58815 58827
58837 58902
58922 59008
59025 59104
59129 59151
59172 59215
59242 59273
59291 59382
59406 59508
59524 59583
59611 59657
59684 59834
59864 59914
59928 59981
60009 60146
60163 60165
60175 60210
60229 60261
60288 60292
60315 60324
60347 60400
60416 60431
60452 60479
60507 60538
60553 60561
60579 60645
60666 60687
60706 60783
60796 60838
60868 60974
60999 61028
61057 61167
61183 61283
61309 61339
61350 61408
61427 61448
61463 61484
61504 61517
61527 61547
61573 61584
61600 61668
61689 61692
61703 61765
61782 61889
61917 62059
62077 62080
62096 62098
62108 62182
62205 62231
62251 62300
62314 62392
62407 62458
62483 62559
62572 62587
62598 62624
62650 62660
62684 62735
62759 62858
62883 62999
63029 63138
63149 63209
63228 63286
63301 63441
63461 63483
63493 63671
63686 63739
63766 63793
63808 63826
63848 63856
63868 63876
63886 63898
63910 63918
63936 63938
63960 63984
63994 64028
64044 64084
64114 64145
64165 64208
64233 64258
64282 64304
64326 64488
64498 64617
64647 64673
64701 64720
64735 64746
64766 64776
64792 64819
64837 64889
64901 64903
64925 65003
65028 65126
65141 65217
65233 65238
65264 65275
65288 65290
65301 65320
65349 65400
65419 65443
65472 65501
65525 65543
65554 65720
65730 65825
65849 65861
65890 65892
65922 65996
66021 66068
66095 66127
66144 66178
66190 66207
66230 66306
66331 66465
66490 66586
66609 66730
66752 66776
66794 66829
66846 66871
66894 66910
66921 66929
66945 66952
66977 67066
67077 67175
67200 67229
67248 67266
67290 67299
67318 67428
67440 67568
67586 67721
67732 67751